{"header":1432778632,"droneState":{"flying":0,"videoEnabled":0,"visionEnabled":0,"controlAlgorithm":0,"altitudeControlAlgorithm":1,"startButtonState":0,"controlCommandAck":1,"cameraReady":1,"travellingEnabled":0,"usbReady":0,"navdataDemo":1,"navdataBootstrap":0,"motorProblem":0,"communicationLost":0,"softwareFault":0,"lowBattery":0,"userEmergencyLanding":0,"timerElapsed":0,"MagnometerNeedsCalibration":0,"anglesOutOfRange":0,"tooMuchWind":0,"ultrasonicSensorDeaf":0,"cutoutDetected":0,"picVersionNumberOk":1,"atCodecThreadOn":1,"navdataThreadOn":1,"videoThreadOn":1,"acquisitionThreadOn":1,"controlWatchdogDelay":0,"adcWatchdogDelay":0,"comWatchdogProblem":0,"emergencyLanding":0},"sequenceNumber":58587,"visionFlag":1,"demo":{"controlState":"CTRL_LANDED","flyState":"FLYING_OK","batteryPercentage":44,"rotation":{"frontBack":13.485,"pitch":13.485,"theta":13.485,"y":13.485,"leftRight":9.558,"roll":9.558,"phi":9.558,"x":9.558,"clockwise":5.404,"yaw":5.404,"psi":5.404,"z":5.404},"frontBackDegrees":13.485,"leftRightDegrees":9.558,"clockwiseDegrees":5.404,"altitude":0,"altitudeMeters":0,"velocity":{"x":0,"y":0,"z":0},"xVelocity":0,"yVelocity":0,"zVelocity":0,"frameIndex":0,"detection":{"camera":{"rotation":{"m11":0,"m12":0,"m13":0,"m21":0,"m22":0,"m23":0,"m31":0,"m32":0,"m33":0},"translation":{"x":0,"y":0,"z":0},"type":3},"tagIndex":0},"drone":{"camera":{"rotation":{"m11":0.9681063890457153,"m12":-0.054331060498952866,"m13":0.24457769095897675,"m21":0.09159508347511292,"m22":0.9853785634040833,"m23":-0.14366449415683746,"m31":-0.23319615423679352,"m32":0.16148461401462555,"m33":0.9589276909828186},"translation":{"x":0,"y":0,"z":0}}}},"visionDetect":{"nbDetected":0,"type":[0,0,0,0],"xc":[0,0,0,0],"yc":[0,0,0,0],"width":[0,0,0,0],"height":[0,0,0,0],"dist":[0,0,0,0],"orientationAngle":[0,0,0,0],"rotation":[{"m11":0,"m12":0,"m13":0,"m21":0,"m22":0,"m23":0,"m31":0,"m32":0,"m33":0},{"m11":0,"m12":0,"m13":0,"m21":0,"m22":0,"m23":0,"m31":0,"m32":0,"m33":0},{"m11":0,"m12":0,"m13":0,"m21":0,"m22":0,"m23":0,"m31":0,"m32":0,"m33":0},{"m11":0,"m12":0,"m13":0,"m21":0,"m22":0,"m23":0,"m31":0,"m32":0,"m33":0}],"translation":[{"x":0,"y":0,"z":0},{"x":0,"y":0,"z":0},{"x":0,"y":0,"z":0},{"x":0,"y":0,"z":0}],"cameraSource":[0,0,0,0]},"magneto":{"mx":-38,"my":-42,"mz":22,"raw":{"x":144.2109375,"y":130.921875,"z":-77.859375},"rectified":{"x":15.009231567382812,"y":-19.802444458007812,"z":-77.859375},"offset":{"x":129.2017059326172,"y":150.7243194580078,"z":0},"heading":{"unwrapped":0,"gyroUnwrapped":0,"fusionUnwrapped":5.404871463775635},"ok":1,"state":513,"radius":-1.6074341925110842e+31,"error":{"mean":8.338091218213254e-16,"variance":-1.400139950646917e-7}},"wifi":{"linkQuality":1}}
{"header":1432778632,"droneState":{"flying":0,"videoEnabled":0,"visionEnabled":0,"controlAlgorithm":0,"altitudeControlAlgorithm":1,"startButtonState":0,"controlCommandAck":1,"cameraReady":1,"travellingEnabled":0,"usbReady":0,"navdataDemo":1,"navdataBootstrap":0,"motorProblem":0,"communicationLost":0,"softwareFault":0,"lowBattery":0,"userEmergencyLanding":0,"timerElapsed":0,"MagnometerNeedsCalibration":0,"anglesOutOfRange":0,"tooMuchWind":0,"ultrasonicSensorDeaf":0,"cutoutDetected":0,"picVersionNumberOk":1,"atCodecThreadOn":1,"navdataThreadOn":1,"videoThreadOn":1,"acquisitionThreadOn":1,"controlWatchdogDelay":0,"adcWatchdogDelay":0,"comWatchdogProblem":0,"emergencyLanding":0},"sequenceNumber":58588,"visionFlag":1,"demo":{"controlState":"CTRL_LANDED","flyState":"FLYING_OK","batteryPercentage":44,"rotation":{"frontBack":13.479,"pitch":13.479,"theta":13.479,"y":13.479,"leftRight":9.551,"roll":9.551,"phi":9.551,"x":9.551,"clockwise":5.438,"yaw":5.438,"psi":5.438,"z":5.438},"frontBackDegrees":13.479,"leftRightDegrees":9.551,"clockwiseDegrees":5.438,"altitude":0,"altitudeMeters":0,"velocity":{"x":0,"y":0,"z":0},"xVelocity":0,"yVelocity":0,"zVelocity":0,"frameIndex":0,"detection":{"camera":{"rotation":{"m11":0,"m12":0,"m13":0,"m21":0,"m22":0,"m23":0,"m31":0,"m32":0,"m33":0},"translation":{"x":0,"y":0,"z":0},"type":3},"tagIndex":0},"drone":{"camera":{"rotation":{"m11":0.9680761694908142,"m12":-0.05494936555624008,"m13":0.2445591390132904,"m21":0.09215781837701797,"m22":0.9853640794754028,"m23":-0.14340358972549438,"m31":-0.23309984803199768,"m32":0.1613636314868927,"m33":0.9589714407920837},"translation":{"x":0,"y":0,"z":0}}}},"visionDetect":{"nbDetected":0,"type":[0,0,0,0],"xc":[0,0,0,0],"yc":[0,0,0,0],"width":[0,0,0,0],"height":[0,0,0,0],"dist":[0,0,0,0],"orientationAngle":[0,0,0,0],"rotation":[{"m11":0,"m12":0,"m13":0,"m21":0,"m22":0,"m23":0,"m31":0,"m32":0,"m33":0},{"m11":0,"m12":0,"m13":0,"m21":0,"m22":0,"m23":0,"m31":0,"m32":0,"m33":0},{"m11":0,"m12":0,"m13":0,"m21":0,"m22":0,"m23":0,"m31":0,"m32":0,"m33":0},{"m11":0,"m12":0,"m13":0,"m21":0,"m22":0,"m23":0,"m31":0,"m32":0,"m33":0}],"translation":[{"x":0,"y":0,"z":0},{"x":0,"y":0,"z":0},{"x":0,"y":0,"z":0},{"x":0,"y":0,"z":0}],"cameraSource":[0,0,0,0]},"magneto":{"mx":-42,"my":-42,"mz":22,"raw":{"x":144.2109375,"y":144.703125,"z":-77.859375},"rectified":{"x":15.009231567382812,"y":-6.0211944580078125,"z":-77.859375},"offset":{"x":129.2017059326172,"y":150.7243194580078,"z":0},"heading":{"unwrapped":0,"gyroUnwrapped":0,"fusionUnwrapped":5.438047409057617},"ok":1,"state":513,"radius":-1.6074341925110842e+31,"error":{"mean":3.989534668336764e-13,"variance":-0.00007173745689215139}},"wifi":{"linkQuality":1}}
{"header":1432778632,"droneState":{"flying":0,"videoEnabled":0,"visionEnabled":0,"controlAlgorithm":0,"altitudeControlAlgorithm":1,"startButtonState":0,"controlCommandAck":1,"cameraReady":1,"travellingEnabled":0,"usbReady":0,"navdataDemo":1,"navdataBootstrap":0,"motorProblem":0,"communicationLost":0,"softwareFault":0,"lowBattery":0,"userEmergencyLanding":0,"timerElapsed":0,"MagnometerNeedsCalibration":0,"anglesOutOfRange":0,"tooMuchWind":0,"ultrasonicSensorDeaf":0,"cutoutDetected":0,"picVersionNumberOk":1,"atCodecThreadOn":1,"navdataThreadOn":1,"videoThreadOn":1,"acquisitionThreadOn":1,"controlWatchdogDelay":0,"adcWatchdogDelay":0,"comWatchdogProblem":0,"emergencyLanding":0},"sequenceNumber":58589,"visionFlag":1,"demo":{"controlState":"CTRL_LANDED","flyState":"FLYING_OK","batteryPercentage":44,"rotation":{"frontBack":13.49,"pitch":13.49,"theta":13.49,"y":13.49,"leftRight":9.559,"roll":9.559,"phi":9.559,"x":9.559,"clockwise":5.45,"yaw":5.45,"psi":5.45,"z":5.45},"frontBackDegrees":13.49,"leftRightDegrees":9.559,"clockwiseDegrees":5.45,"altitude":0,"altitudeMeters":0,"velocity":{"x":0,"y":0,"z":0},"xVelocity":0,"yVelocity":0,"zVelocity":0,"frameIndex":0,"detection":{"camera":{"rotation":{"m11":0,"m12":0,"m13":0,"m21":0,"m22":0,"m23":0,"m31":0,"m32":0,"m33":0},"translation":{"x":0,"y":0,"z":0},"type":3},"tagIndex":0},"drone":{"camera":{"rotation":{"m11":0.9680134654045105,"m12":-0.055100008845329285,"m13":0.24477316439151764,"m21":0.09236402809619904,"m22":0.9853350520133972,"m23":-0.14347019791603088,"m31":-0.23327837884426117,"m32":0.1614893078804016,"m33":0.958906888961792},"translation":{"x":0,"y":0,"z":0}}}},"visionDetect":{"nbDetected":0,"type":[0,0,0,0],"xc":[0,0,0,0],"yc":[0,0,0,0],"width":[0,0,0,0],"height":[0,0,0,0],"dist":[0,0,0,0],"orientationAngle":[0,0,0,0],"rotation":[{"m11":0,"m12":0,"m13":0,"m21":0,"m22":0,"m23":0,"m31":0,"m32":0,"m33":0},{"m11":0,"m12":0,"m13":0,"m21":0,"m22":0,"m23":0,"m31":0,"m32":0,"m33":0},{"m11":0,"m12":0,"m13":0,"m21":0,"m22":0,"m23":0,"m31":0,"m32":0,"m33":0},{"m11":0,"m12":0,"m13":0,"m21":0,"m22":0,"m23":0,"m31":0,"m32":0,"m33":0}],"translation":[{"x":0,"y":0,"z":0},{"x":0,"y":0,"z":0},{"x":0,"y":0,"z":0},{"x":0,"y":0,"z":0}],"cameraSource":[0,0,0,0]},"magneto":{"mx":-43,"my":-43,"mz":19,"raw":{"x":147.64453125,"y":148.1484375,"z":-67.2421875},"rectified":{"x":18.442825317382812,"y":-2.5758819580078125,"z":-67.2421875},"offset":{"x":129.2017059326172,"y":150.7243194580078,"z":0},"heading":{"unwrapped":0,"gyroUnwrapped":0,"fusionUnwrapped":5.450492858886719},"ok":1,"state":513,"radius":-1.6074341925110842e+31,"error":{"mean":3.281693893563022e-16,"variance":-150.84669494628906}},"wifi":{"linkQuality":1}}
{"header":1432778632,"droneState":{"flying":0,"videoEnabled":0,"visionEnabled":0,"controlAlgorithm":0,"altitudeControlAlgorithm":1,"startButtonState":0,"controlCommandAck":1,"cameraReady":1,"travellingEnabled":0,"usbReady":0,"navdataDemo":1,"navdataBootstrap":0,"motorProblem":0,"communicationLost":0,"softwareFault":0,"lowBattery":0,"userEmergencyLanding":0,"timerElapsed":0,"MagnometerNeedsCalibration":0,"anglesOutOfRange":0,"tooMuchWind":0,"ultrasonicSensorDeaf":0,"cutoutDetected":0,"picVersionNumberOk":1,"atCodecThreadOn":1,"navdataThreadOn":1,"videoThreadOn":1,"acquisitionThreadOn":1,"controlWatchdogDelay":0,"adcWatchdogDelay":0,"comWatchdogProblem":0,"emergencyLanding":0},"sequenceNumber":58590,"visionFlag":1,"demo":{"controlState":"CTRL_LANDED","flyState":"FLYING_OK","batteryPercentage":44,"rotation":{"frontBack":13.499,"pitch":13.499,"theta":13.499,"y":13.499,"leftRight":9.557,"roll":9.557,"phi":9.557,"x":9.557,"clockwise":5.453,"yaw":5.453,"psi":5.453,"z":5.453},"frontBackDegrees":13.499,"leftRightDegrees":9.557,"clockwiseDegrees":5.453,"altitude":0,"altitudeMeters":0,"velocity":{"x":0,"y":0,"z":0},"xVelocity":0,"yVelocity":0,"zVelocity":0,"frameIndex":0,"detection":{"camera":{"rotation":{"m11":0,"m12":0,"m13":0,"m21":0,"m22":0,"m23":0,"m31":0,"m32":0,"m33":0},"translation":{"x":0,"y":0,"z":0},"type":3},"tagIndex":0},"drone":{"camera":{"rotation":{"m11":0.9679698348045349,"m12":-0.05513801798224449,"m13":0.24493709206581116,"m21":0.09241700172424316,"m22":0.9853383898735046,"m23":-0.1434134691953659,"m31":-0.2334383726119995,"m32":0.16145627200603485,"m33":0.9588735103607178},"translation":{"x":0,"y":0,"z":0}}}},"visionDetect":{"nbDetected":0,"type":[0,0,0,0],"xc":[0,0,0,0],"yc":[0,0,0,0],"width":[0,0,0,0],"height":[0,0,0,0],"dist":[0,0,0,0],"orientationAngle":[0,0,0,0],"rotation":[{"m11":0,"m12":0,"m13":0,"m21":0,"m22":0,"m23":0,"m31":0,"m32":0,"m33":0},{"m11":0,"m12":0,"m13":0,"m21":0,"m22":0,"m23":0,"m31":0,"m32":0,"m33":0},{"m11":0,"m12":0,"m13":0,"m21":0,"m22":0,"m23":0,"m31":0,"m32":0,"m33":0},{"m11":0,"m12":0,"m13":0,"m21":0,"m22":0,"m23":0,"m31":0,"m32":0,"m33":0}],"translation":[{"x":0,"y":0,"z":0},{"x":0,"y":0,"z":0},{"x":0,"y":0,"z":0},{"x":0,"y":0,"z":0}],"cameraSource":[0,0,0,0]},"magneto":{"mx":-41,"my":-41,"mz":17,"raw":{"x":140.77734375,"y":141.2578125,"z":-60.1640625},"rectified":{"x":11.575637817382812,"y":-9.466506958007812,"z":-60.1640625},"offset":{"x":129.2017059326172,"y":150.7243194580078,"z":0},"heading":{"unwrapped":0,"gyroUnwrapped":0,"fusionUnwrapped":5.453845024108887},"ok":1,"state":513,"radius":-1.6074341925110842e+31,"error":{"mean":2.4723728714411777e-17,"variance":-20067.876953125}},"wifi":{"linkQuality":1}}
{"header":1432778632,"droneState":{"flying":0,"videoEnabled":0,"visionEnabled":0,"controlAlgorithm":0,"altitudeControlAlgorithm":1,"startButtonState":0,"controlCommandAck":1,"cameraReady":1,"travellingEnabled":0,"usbReady":0,"navdataDemo":1,"navdataBootstrap":0,"motorProblem":0,"communicationLost":0,"softwareFault":0,"lowBattery":0,"userEmergencyLanding":0,"timerElapsed":0,"MagnometerNeedsCalibration":0,"anglesOutOfRange":0,"tooMuchWind":0,"ultrasonicSensorDeaf":0,"cutoutDetected":0,"picVersionNumberOk":1,"atCodecThreadOn":1,"navdataThreadOn":1,"videoThreadOn":1,"acquisitionThreadOn":1,"controlWatchdogDelay":0,"adcWatchdogDelay":0,"comWatchdogProblem":0,"emergencyLanding":0},"sequenceNumber":58591,"visionFlag":1,"demo":{"controlState":"CTRL_LANDED","flyState":"FLYING_OK","batteryPercentage":44,"rotation":{"frontBack":13.497,"pitch":13.497,"theta":13.497,"y":13.497,"leftRight":9.554,"roll":9.554,"phi":9.554,"x":9.554,"clockwise":5.449,"yaw":5.449,"psi":5.449,"z":5.449},"frontBackDegrees":13.497,"leftRightDegrees":9.554,"clockwiseDegrees":5.449,"altitude":0,"altitudeMeters":0,"velocity":{"x":0,"y":0,"z":0},"xVelocity":0,"yVelocity":0,"zVelocity":0,"frameIndex":0,"detection":{"camera":{"rotation":{"m11":0,"m12":0,"m13":0,"m21":0,"m22":0,"m23":0,"m31":0,"m32":0,"m33":0},"translation":{"x":0,"y":0,"z":0},"type":3},"tagIndex":0},"drone":{"camera":{"rotation":{"m11":0.9679846167564392,"m12":-0.055085960775613785,"m13":0.2448902726173401,"m21":0.09234605729579926,"m22":0.9853509664535522,"m23":-0.14337262511253357,"m31":-0.23340505361557007,"m32":0.16139715909957886,"m33":0.9588916301727295},"translation":{"x":0,"y":0,"z":0}}}},"visionDetect":{"nbDetected":0,"type":[0,0,0,0],"xc":[0,0,0,0],"yc":[0,0,0,0],"width":[0,0,0,0],"height":[0,0,0,0],"dist":[0,0,0,0],"orientationAngle":[0,0,0,0],"rotation":[{"m11":0,"m12":0,"m13":0,"m21":0,"m22":0,"m23":0,"m31":0,"m32":0,"m33":0},{"m11":0,"m12":0,"m13":0,"m21":0,"m22":0,"m23":0,"m31":0,"m32":0,"m33":0},{"m11":0,"m12":0,"m13":0,"m21":0,"m22":0,"m23":0,"m31":0,"m32":0,"m33":0},{"m11":0,"m12":0,"m13":0,"m21":0,"m22":0,"m23":0,"m31":0,"m32":0,"m33":0}],"translation":[{"x":0,"y":0,"z":0},{"x":0,"y":0,"z":0},{"x":0,"y":0,"z":0},{"x":0,"y":0,"z":0}],"cameraSource":[0,0,0,0]},"magneto":{"mx":-42,"my":-42,"mz":24,"raw":{"x":144.2109375,"y":144.703125,"z":-84.9375},"rectified":{"x":15.009231567382812,"y":-6.0211944580078125,"z":-84.9375},"offset":{"x":129.2017059326172,"y":150.7243194580078,"z":0},"heading":{"unwrapped":0,"gyroUnwrapped":0,"fusionUnwrapped":5.4496002197265625},"ok":1,"state":513,"radius":-1.6074341925110842e+31,"error":{"mean":4.978711764067253e-17,"variance":-6907.96923828125}},"wifi":{"linkQuality":1}}
{"header":1432778632,"droneState":{"flying":0,"videoEnabled":0,"visionEnabled":0,"controlAlgorithm":0,"altitudeControlAlgorithm":1,"startButtonState":0,"controlCommandAck":1,"cameraReady":1,"travellingEnabled":0,"usbReady":0,"navdataDemo":1,"navdataBootstrap":0,"motorProblem":0,"communicationLost":0,"softwareFault":0,"lowBattery":0,"userEmergencyLanding":0,"timerElapsed":0,"MagnometerNeedsCalibration":0,"anglesOutOfRange":0,"tooMuchWind":0,"ultrasonicSensorDeaf":0,"cutoutDetected":0,"picVersionNumberOk":1,"atCodecThreadOn":1,"navdataThreadOn":1,"videoThreadOn":1,"acquisitionThreadOn":1,"controlWatchdogDelay":0,"adcWatchdogDelay":0,"comWatchdogProblem":0,"emergencyLanding":0},"sequenceNumber":58592,"visionFlag":1,"demo":{"controlState":"CTRL_LANDED","flyState":"FLYING_OK","batteryPercentage":44,"rotation":{"frontBack":13.501,"pitch":13.501,"theta":13.501,"y":13.501,"leftRight":9.561,"roll":9.561,"phi":9.561,"x":9.561,"clockwise":5.441,"yaw":5.441,"psi":5.441,"z":5.441},"frontBackDegrees":13.501,"leftRightDegrees":9.561,"clockwiseDegrees":5.441,"altitude":0,"altitudeMeters":0,"velocity":{"x":0,"y":0,"z":0},"xVelocity":0,"yVelocity":0,"zVelocity":0,"frameIndex":0,"detection":{"camera":{"rotation":{"m11":0,"m12":0,"m13":0,"m21":0,"m22":0,"m23":0,"m31":0,"m32":0,"m33":0},"translation":{"x":0,"y":0,"z":0},"type":3},"tagIndex":0},"drone":{"camera":{"rotation":{"m11":0.9679803848266602,"m12":-0.05491073057055473,"m13":0.2449466735124588,"m21":0.09221242368221283,"m22":0.9853425025939941,"m23":-0.14351670444011688,"m31":-0.23347575962543488,"m32":0.1615084856748581,"m33":0.9588556289672852},"translation":{"x":0,"y":0,"z":0}}}},"visionDetect":{"nbDetected":0,"type":[0,0,0,0],"xc":[0,0,0,0],"yc":[0,0,0,0],"width":[0,0,0,0],"height":[0,0,0,0],"dist":[0,0,0,0],"orientationAngle":[0,0,0,0],"rotation":[{"m11":0,"m12":0,"m13":0,"m21":0,"m22":0,"m23":0,"m31":0,"m32":0,"m33":0},{"m11":0,"m12":0,"m13":0,"m21":0,"m22":0,"m23":0,"m31":0,"m32":0,"m33":0},{"m11":0,"m12":0,"m13":0,"m21":0,"m22":0,"m23":0,"m31":0,"m32":0,"m33":0},{"m11":0,"m12":0,"m13":0,"m21":0,"m22":0,"m23":0,"m31":0,"m32":0,"m33":0}],"translation":[{"x":0,"y":0,"z":0},{"x":0,"y":0,"z":0},{"x":0,"y":0,"z":0},{"x":0,"y":0,"z":0}],"cameraSource":[0,0,0,0]},"magneto":{"mx":-42,"my":-40,"mz":20,"raw":{"x":137.34375,"y":144.703125,"z":-70.78125},"rectified":{"x":8.142044067382812,"y":-6.0211944580078125,"z":-70.78125},"offset":{"x":129.2017059326172,"y":150.7243194580078,"z":0},"heading":{"unwrapped":0,"gyroUnwrapped":0,"fusionUnwrapped":5.44178581237793},"ok":1,"state":513,"radius":-1.6074341925110842e+31,"error":{"mean":5.1221991453321314e-17,"variance":-7180.21923828125}},"wifi":{"linkQuality":1}}
{"header":1432778632,"droneState":{"flying":0,"videoEnabled":0,"visionEnabled":0,"controlAlgorithm":0,"altitudeControlAlgorithm":1,"startButtonState":0,"controlCommandAck":1,"cameraReady":1,"travellingEnabled":0,"usbReady":0,"navdataDemo":1,"navdataBootstrap":0,"motorProblem":0,"communicationLost":0,"softwareFault":0,"lowBattery":0,"userEmergencyLanding":0,"timerElapsed":0,"MagnometerNeedsCalibration":0,"anglesOutOfRange":0,"tooMuchWind":0,"ultrasonicSensorDeaf":0,"cutoutDetected":0,"picVersionNumberOk":1,"atCodecThreadOn":1,"navdataThreadOn":1,"videoThreadOn":1,"acquisitionThreadOn":1,"controlWatchdogDelay":0,"adcWatchdogDelay":0,"comWatchdogProblem":0,"emergencyLanding":0},"sequenceNumber":58593,"visionFlag":1,"demo":{"controlState":"CTRL_LANDED","flyState":"FLYING_OK","batteryPercentage":44,"rotation":{"frontBack":13.499,"pitch":13.499,"theta":13.499,"y":13.499,"leftRight":9.557,"roll":9.557,"phi":9.557,"x":9.557,"clockwise":5.448,"yaw":5.448,"psi":5.448,"z":5.448},"frontBackDegrees":13.499,"leftRightDegrees":9.557,"clockwiseDegrees":5.448,"altitude":0,"altitudeMeters":0,"velocity":{"x":0,"y":0,"z":0},"xVelocity":0,"yVelocity":0,"zVelocity":0,"frameIndex":0,"detection":{"camera":{"rotation":{"m11":0,"m12":0,"m13":0,"m21":0,"m22":0,"m23":0,"m31":0,"m32":0,"m33":0},"translation":{"x":0,"y":0,"z":0},"type":3},"tagIndex":0},"drone":{"camera":{"rotation":{"m11":0.9679785966873169,"m12":-0.05504412204027176,"m13":0.24492371082305908,"m21":0.09232335537672043,"m22":0.985344648361206,"m23":-0.14343078434467316,"m31":-0.23343923687934875,"m32":0.1614501029253006,"m33":0.9588743448257446},"translation":{"x":0,"y":0,"z":0}}}},"visionDetect":{"nbDetected":0,"type":[0,0,0,0],"xc":[0,0,0,0],"yc":[0,0,0,0],"width":[0,0,0,0],"height":[0,0,0,0],"dist":[0,0,0,0],"orientationAngle":[0,0,0,0],"rotation":[{"m11":0,"m12":0,"m13":0,"m21":0,"m22":0,"m23":0,"m31":0,"m32":0,"m33":0},{"m11":0,"m12":0,"m13":0,"m21":0,"m22":0,"m23":0,"m31":0,"m32":0,"m33":0},{"m11":0,"m12":0,"m13":0,"m21":0,"m22":0,"m23":0,"m31":0,"m32":0,"m33":0},{"m11":0,"m12":0,"m13":0,"m21":0,"m22":0,"m23":0,"m31":0,"m32":0,"m33":0}],"translation":[{"x":0,"y":0,"z":0},{"x":0,"y":0,"z":0},{"x":0,"y":0,"z":0},{"x":0,"y":0,"z":0}],"cameraSource":[0,0,0,0]},"magneto":{"mx":-39,"my":-37,"mz":25,"raw":{"x":127.04296875,"y":134.3671875,"z":-88.4765625},"rectified":{"x":-2.1587371826171875,"y":-16.357131958007812,"z":-88.4765625},"offset":{"x":129.2017059326172,"y":150.7243194580078,"z":0},"heading":{"unwrapped":0,"gyroUnwrapped":0,"fusionUnwrapped":5.448302745819092},"ok":1,"state":513,"radius":-1.6074341925110842e+31,"error":{"mean":6.027541086286699e-15,"variance":-1.9272691011428833}},"wifi":{"linkQuality":1}}
{"header":1432778632,"droneState":{"flying":0,"videoEnabled":0,"visionEnabled":0,"controlAlgorithm":0,"altitudeControlAlgorithm":1,"startButtonState":0,"controlCommandAck":1,"cameraReady":1,"travellingEnabled":0,"usbReady":0,"navdataDemo":1,"navdataBootstrap":0,"motorProblem":0,"communicationLost":0,"softwareFault":0,"lowBattery":0,"userEmergencyLanding":0,"timerElapsed":0,"MagnometerNeedsCalibration":0,"anglesOutOfRange":0,"tooMuchWind":0,"ultrasonicSensorDeaf":0,"cutoutDetected":0,"picVersionNumberOk":1,"atCodecThreadOn":1,"navdataThreadOn":1,"videoThreadOn":1,"acquisitionThreadOn":1,"controlWatchdogDelay":0,"adcWatchdogDelay":0,"comWatchdogProblem":0,"emergencyLanding":0},"sequenceNumber":58594,"visionFlag":1,"demo":{"controlState":"CTRL_LANDED","flyState":"FLYING_OK","batteryPercentage":44,"rotation":{"frontBack":13.501,"pitch":13.501,"theta":13.501,"y":13.501,"leftRight":9.541,"roll":9.541,"phi":9.541,"x":9.541,"clockwise":5.456,"yaw":5.456,"psi":5.456,"z":5.456},"frontBackDegrees":13.501,"leftRightDegrees":9.541,"clockwiseDegrees":5.456,"altitude":0,"altitudeMeters":0,"velocity":{"x":0,"y":0,"z":0},"xVelocity":0,"yVelocity":0,"zVelocity":0,"frameIndex":0,"detection":{"camera":{"rotation":{"m11":0,"m12":0,"m13":0,"m21":0,"m22":0,"m23":0,"m31":0,"m32":0,"m33":0},"translation":{"x":0,"y":0,"z":0},"type":3},"tagIndex":0},"drone":{"camera":{"rotation":{"m11":0.9679586887359619,"m12":-0.05525152012705803,"m13":0.24495577812194824,"m21":0.09246474504470825,"m22":0.9853762984275818,"m23":-0.14312182366847992,"m31":-0.23346590995788574,"m32":0.16118578612804413,"m33":0.9589123129844666},"translation":{"x":0,"y":0,"z":0}}}},"visionDetect":{"nbDetected":0,"type":[0,0,0,0],"xc":[0,0,0,0],"yc":[0,0,0,0],"width":[0,0,0,0],"height":[0,0,0,0],"dist":[0,0,0,0],"orientationAngle":[0,0,0,0],"rotation":[{"m11":0,"m12":0,"m13":0,"m21":0,"m22":0,"m23":0,"m31":0,"m32":0,"m33":0},{"m11":0,"m12":0,"m13":0,"m21":0,"m22":0,"m23":0,"m31":0,"m32":0,"m33":0},{"m11":0,"m12":0,"m13":0,"m21":0,"m22":0,"m23":0,"m31":0,"m32":0,"m33":0},{"m11":0,"m12":0,"m13":0,"m21":0,"m22":0,"m23":0,"m31":0,"m32":0,"m33":0}],"translation":[{"x":0,"y":0,"z":0},{"x":0,"y":0,"z":0},{"x":0,"y":0,"z":0},{"x":0,"y":0,"z":0}],"cameraSource":[0,0,0,0]},"magneto":{"mx":-37,"my":-45,"mz":25,"raw":{"x":154.51171875,"y":127.4765625,"z":-88.4765625},"rectified":{"x":25.310012817382812,"y":-23.247756958007812,"z":-88.4765625},"offset":{"x":129.2017059326172,"y":150.7243194580078,"z":0},"heading":{"unwrapped":0,"gyroUnwrapped":0,"fusionUnwrapped":5.456707954406738},"ok":1,"state":513,"radius":-1.6074341925110842e+31,"error":{"mean":2.3532844076190607e-11,"variance":-1.123417914250524e-9}},"wifi":{"linkQuality":1}}
{"header":1432778632,"droneState":{"flying":0,"videoEnabled":0,"visionEnabled":0,"controlAlgorithm":0,"altitudeControlAlgorithm":1,"startButtonState":0,"controlCommandAck":1,"cameraReady":1,"travellingEnabled":0,"usbReady":0,"navdataDemo":1,"navdataBootstrap":0,"motorProblem":0,"communicationLost":0,"softwareFault":0,"lowBattery":0,"userEmergencyLanding":0,"timerElapsed":0,"MagnometerNeedsCalibration":0,"anglesOutOfRange":0,"tooMuchWind":0,"ultrasonicSensorDeaf":0,"cutoutDetected":0,"picVersionNumberOk":1,"atCodecThreadOn":1,"navdataThreadOn":1,"videoThreadOn":1,"acquisitionThreadOn":1,"controlWatchdogDelay":0,"adcWatchdogDelay":0,"comWatchdogProblem":0,"emergencyLanding":0},"sequenceNumber":58595,"visionFlag":1,"demo":{"controlState":"CTRL_LANDED","flyState":"FLYING_OK","batteryPercentage":44,"rotation":{"frontBack":13.505,"pitch":13.505,"theta":13.505,"y":13.505,"leftRight":9.55,"roll":9.55,"phi":9.55,"x":9.55,"clockwise":5.462,"yaw":5.462,"psi":5.462,"z":5.462},"frontBackDegrees":13.505,"leftRightDegrees":9.55,"clockwiseDegrees":5.462,"altitude":0,"altitudeMeters":0,"velocity":{"x":0,"y":0,"z":0},"xVelocity":0,"yVelocity":0,"zVelocity":0,"frameIndex":0,"detection":{"camera":{"rotation":{"m11":0,"m12":0,"m13":0,"m21":0,"m22":0,"m23":0,"m31":0,"m32":0,"m33":0},"translation":{"x":0,"y":0,"z":0},"type":3},"tagIndex":0},"drone":{"camera":{"rotation":{"m11":0.9679316878318787,"m12":-0.055304430425167084,"m13":0.2450503557920456,"m21":0.09256299585103989,"m22":0.9853502511978149,"m23":-0.14323760569095612,"m31":-0.23353876173496246,"m32":0.1613268107175827,"m33":0.9588708281517029},"translation":{"x":0,"y":0,"z":0}}}},"visionDetect":{"nbDetected":0,"type":[0,0,0,0],"xc":[0,0,0,0],"yc":[0,0,0,0],"width":[0,0,0,0],"height":[0,0,0,0],"dist":[0,0,0,0],"orientationAngle":[0,0,0,0],"rotation":[{"m11":0,"m12":0,"m13":0,"m21":0,"m22":0,"m23":0,"m31":0,"m32":0,"m33":0},{"m11":0,"m12":0,"m13":0,"m21":0,"m22":0,"m23":0,"m31":0,"m32":0,"m33":0},{"m11":0,"m12":0,"m13":0,"m21":0,"m22":0,"m23":0,"m31":0,"m32":0,"m33":0},{"m11":0,"m12":0,"m13":0,"m21":0,"m22":0,"m23":0,"m31":0,"m32":0,"m33":0}],"translation":[{"x":0,"y":0,"z":0},{"x":0,"y":0,"z":0},{"x":0,"y":0,"z":0},{"x":0,"y":0,"z":0}],"cameraSource":[0,0,0,0]},"magneto":{"mx":-42,"my":-38,"mz":20,"raw":{"x":130.4765625,"y":144.703125,"z":-70.78125},"rectified":{"x":1.2748565673828125,"y":-6.0211944580078125,"z":-70.78125},"offset":{"x":129.2017059326172,"y":150.7243194580078,"z":0},"heading":{"unwrapped":0,"gyroUnwrapped":0,"fusionUnwrapped":5.462622165679932},"ok":1,"state":513,"radius":-1.6074341925110842e+31,"error":{"mean":1.4245637276148054e-13,"variance":-0.010201633907854557}},"wifi":{"linkQuality":1}}
{"header":1432778632,"droneState":{"flying":0,"videoEnabled":0,"visionEnabled":0,"controlAlgorithm":0,"altitudeControlAlgorithm":1,"startButtonState":0,"controlCommandAck":1,"cameraReady":1,"travellingEnabled":0,"usbReady":0,"navdataDemo":1,"navdataBootstrap":0,"motorProblem":0,"communicationLost":0,"softwareFault":0,"lowBattery":0,"userEmergencyLanding":0,"timerElapsed":0,"MagnometerNeedsCalibration":0,"anglesOutOfRange":0,"tooMuchWind":0,"ultrasonicSensorDeaf":0,"cutoutDetected":0,"picVersionNumberOk":1,"atCodecThreadOn":1,"navdataThreadOn":1,"videoThreadOn":1,"acquisitionThreadOn":1,"controlWatchdogDelay":0,"adcWatchdogDelay":0,"comWatchdogProblem":0,"emergencyLanding":0},"sequenceNumber":58596,"visionFlag":1,"demo":{"controlState":"CTRL_LANDED","flyState":"FLYING_OK","batteryPercentage":44,"rotation":{"frontBack":13.514,"pitch":13.514,"theta":13.514,"y":13.514,"leftRight":9.56,"roll":9.56,"phi":9.56,"x":9.56,"clockwise":5.461,"yaw":5.461,"psi":5.461,"z":5.461},"frontBackDegrees":13.514,"leftRightDegrees":9.56,"clockwiseDegrees":5.461,"altitude":0,"altitudeMeters":0,"velocity":{"x":0,"y":0,"z":0},"xVelocity":0,"yVelocity":0,"zVelocity":0,"frameIndex":0,"detection":{"camera":{"rotation":{"m11":0,"m12":0,"m13":0,"m21":0,"m22":0,"m23":0,"m31":0,"m32":0,"m33":0},"translation":{"x":0,"y":0,"z":0},"type":3},"tagIndex":0},"drone":{"camera":{"rotation":{"m11":0.967897355556488,"m12":-0.05521480366587639,"m13":0.24520622193813324,"m21":0.09253676235675812,"m22":0.9853298664093018,"m23":-0.14339479804039001,"m31":-0.2336914986371994,"m32":0.161482036113739,"m33":0.9588075280189514},"translation":{"x":0,"y":0,"z":0}}}},"visionDetect":{"nbDetected":0,"type":[0,0,0,0],"xc":[0,0,0,0],"yc":[0,0,0,0],"width":[0,0,0,0],"height":[0,0,0,0],"dist":[0,0,0,0],"orientationAngle":[0,0,0,0],"rotation":[{"m11":0,"m12":0,"m13":0,"m21":0,"m22":0,"m23":0,"m31":0,"m32":0,"m33":0},{"m11":0,"m12":0,"m13":0,"m21":0,"m22":0,"m23":0,"m31":0,"m32":0,"m33":0},{"m11":0,"m12":0,"m13":0,"m21":0,"m22":0,"m23":0,"m31":0,"m32":0,"m33":0},{"m11":0,"m12":0,"m13":0,"m21":0,"m22":0,"m23":0,"m31":0,"m32":0,"m33":0}],"translation":[{"x":0,"y":0,"z":0},{"x":0,"y":0,"z":0},{"x":0,"y":0,"z":0},{"x":0,"y":0,"z":0}],"cameraSource":[0,0,0,0]},"magneto":{"mx":-41,"my":-43,"mz":23,"raw":{"x":147.64453125,"y":141.2578125,"z":-81.3984375},"rectified":{"x":18.442825317382812,"y":-9.466506958007812,"z":-81.3984375},"offset":{"x":129.2017059326172,"y":150.7243194580078,"z":0},"heading":{"unwrapped":0,"gyroUnwrapped":0,"fusionUnwrapped":5.461276054382324},"ok":1,"state":513,"radius":-1.6074341925110842e+31,"error":{"mean":1.8187852612872035e-10,"variance":-0.000002724278829191462}},"wifi":{"linkQuality":1}}
{"header":1432778632,"droneState":{"flying":0,"videoEnabled":0,"visionEnabled":0,"controlAlgorithm":0,"altitudeControlAlgorithm":1,"startButtonState":0,"controlCommandAck":1,"cameraReady":1,"travellingEnabled":0,"usbReady":0,"navdataDemo":1,"navdataBootstrap":0,"motorProblem":0,"communicationLost":0,"softwareFault":0,"lowBattery":0,"userEmergencyLanding":0,"timerElapsed":0,"MagnometerNeedsCalibration":0,"anglesOutOfRange":0,"tooMuchWind":0,"ultrasonicSensorDeaf":0,"cutoutDetected":0,"picVersionNumberOk":1,"atCodecThreadOn":1,"navdataThreadOn":1,"videoThreadOn":1,"acquisitionThreadOn":1,"controlWatchdogDelay":0,"adcWatchdogDelay":0,"comWatchdogProblem":0,"emergencyLanding":0},"sequenceNumber":58597,"visionFlag":1,"demo":{"controlState":"CTRL_LANDED","flyState":"FLYING_OK","batteryPercentage":44,"rotation":{"frontBack":13.517,"pitch":13.517,"theta":13.517,"y":13.517,"leftRight":9.559,"roll":9.559,"phi":9.559,"x":9.559,"clockwise":5.462,"yaw":5.462,"psi":5.462,"z":5.462},"frontBackDegrees":13.517,"leftRightDegrees":9.559,"clockwiseDegrees":5.462,"altitude":0,"altitudeMeters":0,"velocity":{"x":0,"y":0,"z":0},"xVelocity":0,"yVelocity":0,"zVelocity":0,"frameIndex":0,"detection":{"camera":{"rotation":{"m11":0,"m12":0,"m13":0,"m21":0,"m22":0,"m23":0,"m31":0,"m32":0,"m33":0},"translation":{"x":0,"y":0,"z":0},"type":3},"tagIndex":0},"drone":{"camera":{"rotation":{"m11":0.9678852558135986,"m12":-0.055226415395736694,"m13":0.24525125324726105,"m21":0.09255217015743256,"m22":0.9853308200836182,"m23":-0.14337784051895142,"m31":-0.23373539745807648,"m32":0.16147184371948242,"m33":0.9587985277175903},"translation":{"x":0,"y":0,"z":0}}}},"visionDetect":{"nbDetected":0,"type":[0,0,0,0],"xc":[0,0,0,0],"yc":[0,0,0,0],"width":[0,0,0,0],"height":[0,0,0,0],"dist":[0,0,0,0],"orientationAngle":[0,0,0,0],"rotation":[{"m11":0,"m12":0,"m13":0,"m21":0,"m22":0,"m23":0,"m31":0,"m32":0,"m33":0},{"m11":0,"m12":0,"m13":0,"m21":0,"m22":0,"m23":0,"m31":0,"m32":0,"m33":0},{"m11":0,"m12":0,"m13":0,"m21":0,"m22":0,"m23":0,"m31":0,"m32":0,"m33":0},{"m11":0,"m12":0,"m13":0,"m21":0,"m22":0,"m23":0,"m31":0,"m32":0,"m33":0}],"translation":[{"x":0,"y":0,"z":0},{"x":0,"y":0,"z":0},{"x":0,"y":0,"z":0},{"x":0,"y":0,"z":0}],"cameraSource":[0,0,0,0]},"magneto":{"mx":-45,"my":-43,"mz":23,"raw":{"x":147.64453125,"y":155.0390625,"z":-81.3984375},"rectified":{"x":18.442825317382812,"y":4.3147430419921875,"z":-81.3984375},"offset":{"x":129.2017059326172,"y":150.7243194580078,"z":0},"heading":{"unwrapped":0,"gyroUnwrapped":0,"fusionUnwrapped":5.462247848510742},"ok":1,"state":513,"radius":-1.6074341925110842e+31,"error":{"mean":3.975930973343367e-10,"variance":-0.0000025077463305933634}},"wifi":{"linkQuality":1}}
{"header":1432778632,"droneState":{"flying":0,"videoEnabled":0,"visionEnabled":0,"controlAlgorithm":0,"altitudeControlAlgorithm":1,"startButtonState":0,"controlCommandAck":1,"cameraReady":1,"travellingEnabled":0,"usbReady":0,"navdataDemo":1,"navdataBootstrap":0,"motorProblem":0,"communicationLost":0,"softwareFault":0,"lowBattery":0,"userEmergencyLanding":0,"timerElapsed":0,"MagnometerNeedsCalibration":0,"anglesOutOfRange":0,"tooMuchWind":0,"ultrasonicSensorDeaf":0,"cutoutDetected":0,"picVersionNumberOk":1,"atCodecThreadOn":1,"navdataThreadOn":1,"videoThreadOn":1,"acquisitionThreadOn":1,"controlWatchdogDelay":0,"adcWatchdogDelay":0,"comWatchdogProblem":0,"emergencyLanding":0},"sequenceNumber":58598,"visionFlag":1,"demo":{"controlState":"CTRL_LANDED","flyState":"FLYING_OK","batteryPercentage":44,"rotation":{"frontBack":13.518,"pitch":13.518,"theta":13.518,"y":13.518,"leftRight":9.559,"roll":9.559,"phi":9.559,"x":9.559,"clockwise":5.487,"yaw":5.487,"psi":5.487,"z":5.487},"frontBackDegrees":13.518,"leftRightDegrees":9.559,"clockwiseDegrees":5.487,"altitude":0,"altitudeMeters":0,"velocity":{"x":0,"y":0,"z":0},"xVelocity":0,"yVelocity":0,"zVelocity":0,"frameIndex":0,"detection":{"camera":{"rotation":{"m11":0,"m12":0,"m13":0,"m21":0,"m22":0,"m23":0,"m31":0,"m32":0,"m33":0},"translation":{"x":0,"y":0,"z":0},"type":3},"tagIndex":0},"drone":{"camera":{"rotation":{"m11":0.967840850353241,"m12":-0.05565113574266434,"m13":0.24533043801784515,"m21":0.09297274798154831,"m22":0.9853063821792603,"m23":-0.14327372610569,"m31":-0.2337522953748703,"m32":0.16147519648075104,"m33":0.9587938189506531},"translation":{"x":0,"y":0,"z":0}}}},"visionDetect":{"nbDetected":0,"type":[0,0,0,0],"xc":[0,0,0,0],"yc":[0,0,0,0],"width":[0,0,0,0],"height":[0,0,0,0],"dist":[0,0,0,0],"orientationAngle":[0,0,0,0],"rotation":[{"m11":0,"m12":0,"m13":0,"m21":0,"m22":0,"m23":0,"m31":0,"m32":0,"m33":0},{"m11":0,"m12":0,"m13":0,"m21":0,"m22":0,"m23":0,"m31":0,"m32":0,"m33":0},{"m11":0,"m12":0,"m13":0,"m21":0,"m22":0,"m23":0,"m31":0,"m32":0,"m33":0},{"m11":0,"m12":0,"m13":0,"m21":0,"m22":0,"m23":0,"m31":0,"m32":0,"m33":0}],"translation":[{"x":0,"y":0,"z":0},{"x":0,"y":0,"z":0},{"x":0,"y":0,"z":0},{"x":0,"y":0,"z":0}],"cameraSource":[0,0,0,0]},"magneto":{"mx":-35,"my":-45,"mz":23,"raw":{"x":154.51171875,"y":120.5859375,"z":-81.3984375},"rectified":{"x":25.310012817382812,"y":-30.138381958007812,"z":-81.3984375},"offset":{"x":129.2017059326172,"y":150.7243194580078,"z":0},"heading":{"unwrapped":0,"gyroUnwrapped":0,"fusionUnwrapped":5.487167835235596},"ok":1,"state":513,"radius":-1.6074341925110842e+31,"error":{"mean":4.5788799418744475e-9,"variance":-0.0000031289384878618876}},"wifi":{"linkQuality":1}}
{"header":1432778632,"droneState":{"flying":0,"videoEnabled":0,"visionEnabled":0,"controlAlgorithm":0,"altitudeControlAlgorithm":1,"startButtonState":0,"controlCommandAck":1,"cameraReady":1,"travellingEnabled":0,"usbReady":0,"navdataDemo":1,"navdataBootstrap":0,"motorProblem":0,"communicationLost":0,"softwareFault":0,"lowBattery":0,"userEmergencyLanding":0,"timerElapsed":0,"MagnometerNeedsCalibration":0,"anglesOutOfRange":0,"tooMuchWind":0,"ultrasonicSensorDeaf":0,"cutoutDetected":0,"picVersionNumberOk":1,"atCodecThreadOn":1,"navdataThreadOn":1,"videoThreadOn":1,"acquisitionThreadOn":1,"controlWatchdogDelay":0,"adcWatchdogDelay":0,"comWatchdogProblem":0,"emergencyLanding":0},"sequenceNumber":58599,"visionFlag":1,"demo":{"controlState":"CTRL_LANDED","flyState":"FLYING_OK","batteryPercentage":44,"rotation":{"frontBack":13.521,"pitch":13.521,"theta":13.521,"y":13.521,"leftRight":9.562,"roll":9.562,"phi":9.562,"x":9.562,"clockwise":5.513,"yaw":5.513,"psi":5.513,"z":5.513},"frontBackDegrees":13.521,"leftRightDegrees":9.562,"clockwiseDegrees":5.513,"altitude":0,"altitudeMeters":0,"velocity":{"x":0,"y":0,"z":0},"xVelocity":0,"yVelocity":0,"zVelocity":0,"frameIndex":0,"detection":{"camera":{"rotation":{"m11":0,"m12":0,"m13":0,"m21":0,"m22":0,"m23":0,"m31":0,"m32":0,"m33":0},"translation":{"x":0,"y":0,"z":0},"type":3},"tagIndex":0},"drone":{"camera":{"rotation":{"m11":0.9677827954292297,"m12":-0.05609201639890671,"m13":0.2454591542482376,"m21":0.09342382103204727,"m22":0.9852755665779114,"m23":-0.1431923508644104,"m31":-0.23381297290325165,"m32":0.16151082515716553,"m33":0.9587730169296265},"translation":{"x":0,"y":0,"z":0}}}},"visionDetect":{"nbDetected":0,"type":[0,0,0,0],"xc":[0,0,0,0],"yc":[0,0,0,0],"width":[0,0,0,0],"height":[0,0,0,0],"dist":[0,0,0,0],"orientationAngle":[0,0,0,0],"rotation":[{"m11":0,"m12":0,"m13":0,"m21":0,"m22":0,"m23":0,"m31":0,"m32":0,"m33":0},{"m11":0,"m12":0,"m13":0,"m21":0,"m22":0,"m23":0,"m31":0,"m32":0,"m33":0},{"m11":0,"m12":0,"m13":0,"m21":0,"m22":0,"m23":0,"m31":0,"m32":0,"m33":0},{"m11":0,"m12":0,"m13":0,"m21":0,"m22":0,"m23":0,"m31":0,"m32":0,"m33":0}],"translation":[{"x":0,"y":0,"z":0},{"x":0,"y":0,"z":0},{"x":0,"y":0,"z":0},{"x":0,"y":0,"z":0}],"cameraSource":[0,0,0,0]},"magneto":{"mx":-36,"my":-44,"mz":18,"raw":{"x":151.078125,"y":124.03125,"z":-63.703125},"rectified":{"x":21.876419067382812,"y":-26.693069458007812,"z":-63.703125},"offset":{"x":129.2017059326172,"y":150.7243194580078,"z":0},"heading":{"unwrapped":0,"gyroUnwrapped":0,"fusionUnwrapped":5.5139546394348145},"ok":1,"state":513,"radius":-1.6074341925110842e+31,"error":{"mean":6.933370978040587e-12,"variance":-0.7080345749855042}},"wifi":{"linkQuality":1}}
{"header":1432778632,"droneState":{"flying":0,"videoEnabled":0,"visionEnabled":0,"controlAlgorithm":0,"altitudeControlAlgorithm":1,"startButtonState":0,"controlCommandAck":1,"cameraReady":1,"travellingEnabled":0,"usbReady":0,"navdataDemo":1,"navdataBootstrap":0,"motorProblem":0,"communicationLost":0,"softwareFault":0,"lowBattery":0,"userEmergencyLanding":0,"timerElapsed":0,"MagnometerNeedsCalibration":0,"anglesOutOfRange":0,"tooMuchWind":0,"ultrasonicSensorDeaf":0,"cutoutDetected":0,"picVersionNumberOk":1,"atCodecThreadOn":1,"navdataThreadOn":1,"videoThreadOn":1,"acquisitionThreadOn":1,"controlWatchdogDelay":0,"adcWatchdogDelay":0,"comWatchdogProblem":0,"emergencyLanding":0},"sequenceNumber":58600,"visionFlag":1,"demo":{"controlState":"CTRL_LANDED","flyState":"FLYING_OK","batteryPercentage":44,"rotation":{"frontBack":13.522,"pitch":13.522,"theta":13.522,"y":13.522,"leftRight":9.564,"roll":9.564,"phi":9.564,"x":9.564,"clockwise":5.533,"yaw":5.533,"psi":5.533,"z":5.533},"frontBackDegrees":13.522,"leftRightDegrees":9.564,"clockwiseDegrees":5.533,"altitude":0,"altitudeMeters":0,"velocity":{"x":0,"y":0,"z":0},"xVelocity":0,"yVelocity":0,"zVelocity":0,"frameIndex":0,"detection":{"camera":{"rotation":{"m11":0,"m12":0,"m13":0,"m21":0,"m22":0,"m23":0,"m31":0,"m32":0,"m33":0},"translation":{"x":0,"y":0,"z":0},"type":3},"tagIndex":0},"drone":{"camera":{"rotation":{"m11":0.9677484631538391,"m12":-0.05641145259141922,"m13":0.24552127718925476,"m21":0.09374865144491196,"m22":0.9852513074874878,"m23":-0.14314711093902588,"m31":-0.23382502794265747,"m32":0.1615476906299591,"m33":0.9587638974189758},"translation":{"x":0,"y":0,"z":0}}}},"visionDetect":{"nbDetected":0,"type":[0,0,0,0],"xc":[0,0,0,0],"yc":[0,0,0,0],"width":[0,0,0,0],"height":[0,0,0,0],"dist":[0,0,0,0],"orientationAngle":[0,0,0,0],"rotation":[{"m11":0,"m12":0,"m13":0,"m21":0,"m22":0,"m23":0,"m31":0,"m32":0,"m33":0},{"m11":0,"m12":0,"m13":0,"m21":0,"m22":0,"m23":0,"m31":0,"m32":0,"m33":0},{"m11":0,"m12":0,"m13":0,"m21":0,"m22":0,"m23":0,"m31":0,"m32":0,"m33":0},{"m11":0,"m12":0,"m13":0,"m21":0,"m22":0,"m23":0,"m31":0,"m32":0,"m33":0}],"translation":[{"x":0,"y":0,"z":0},{"x":0,"y":0,"z":0},{"x":0,"y":0,"z":0},{"x":0,"y":0,"z":0}],"cameraSource":[0,0,0,0]},"magneto":{"mx":-37,"my":-47,"mz":21,"raw":{"x":161.37890625,"y":127.4765625,"z":-74.3203125},"rectified":{"x":32.17720031738281,"y":-23.247756958007812,"z":-74.3203125},"offset":{"x":129.2017059326172,"y":150.7243194580078,"z":0},"heading":{"unwrapped":0,"gyroUnwrapped":0,"fusionUnwrapped":5.533202648162842},"ok":1,"state":513,"radius":-1.6074341925110842e+31,"error":{"mean":5.145023729974385e-12,"variance":-1.6624375581741333}},"wifi":{"linkQuality":1}}
