{"header":1432778632,"droneState":{"flying":0,"videoEnabled":0,"visionEnabled":0,"controlAlgorithm":0,"altitudeControlAlgorithm":1,"startButtonState":0,"controlCommandAck":1,"cameraReady":1,"travellingEnabled":0,"usbReady":0,"navdataDemo":1,"navdataBootstrap":0,"motorProblem":0,"communicationLost":0,"softwareFault":0,"lowBattery":0,"userEmergencyLanding":0,"timerElapsed":0,"MagnometerNeedsCalibration":0,"anglesOutOfRange":0,"tooMuchWind":0,"ultrasonicSensorDeaf":0,"cutoutDetected":0,"picVersionNumberOk":1,"atCodecThreadOn":1,"navdataThreadOn":1,"videoThreadOn":1,"acquisitionThreadOn":1,"controlWatchdogDelay":0,"adcWatchdogDelay":0,"comWatchdogProblem":0,"emergencyLanding":0},"sequenceNumber":51473,"visionFlag":0,"demo":{"controlState":"CTRL_LANDED","flyState":"FLYING_OK","batteryPercentage":47,"rotation":{"frontBack":-26.764,"pitch":-26.764,"theta":-26.764,"y":-26.764,"leftRight":18.509,"roll":18.509,"phi":18.509,"x":18.509,"clockwise":-82.132,"yaw":-82.132,"psi":-82.132,"z":-82.132},"frontBackDegrees":-26.764,"leftRightDegrees":18.509,"clockwiseDegrees":-82.132,"altitude":0,"altitudeMeters":0,"velocity":{"x":0,"y":0,"z":0},"xVelocity":0,"yVelocity":0,"zVelocity":0,"frameIndex":0,"detection":{"camera":{"rotation":{"m11":0,"m12":0,"m13":0,"m21":0,"m22":0,"m23":0,"m31":0,"m32":0,"m33":0},"translation":{"x":0,"y":0,"z":0},"type":3},"tagIndex":0},"drone":{"camera":{"rotation":{"m11":0.12221401929855347,"m12":0.9197784662246704,"m13":-0.3729225695133209,"m21":-0.8844577074050903,"m22":0.2714143395423889,"m23":0.3795638978481293,"m31":0.4503312408924103,"m32":0.28344622254371643,"m33":0.8466758728027344},"translation":{"x":0,"y":0,"z":-261}}}},"visionDetect":{"nbDetected":0,"type":[0,0,0,0],"xc":[0,0,0,0],"yc":[0,0,0,0],"width":[0,0,0,0],"height":[0,0,0,0],"dist":[0,0,0,0],"orientationAngle":[0,0,0,0],"rotation":[{"m11":0,"m12":0,"m13":0,"m21":0,"m22":0,"m23":0,"m31":0,"m32":0,"m33":0},{"m11":0,"m12":0,"m13":0,"m21":0,"m22":0,"m23":0,"m31":0,"m32":0,"m33":0},{"m11":0,"m12":0,"m13":0,"m21":0,"m22":0,"m23":0,"m31":0,"m32":0,"m33":0},{"m11":0,"m12":0,"m13":0,"m21":0,"m22":0,"m23":0,"m31":0,"m32":0,"m33":0}],"translation":[{"x":0,"y":0,"z":0},{"x":0,"y":0,"z":0},{"x":0,"y":0,"z":0},{"x":0,"y":0,"z":0}],"cameraSource":[0,0,0,0]},"magneto":{"mx":53,"my":-49,"mz":41,"raw":{"x":168.24609375,"y":-182.6015625,"z":-145.1015625},"rectified":{"x":39.04438781738281,"y":-333.32586669921875,"z":-145.1015625},"offset":{"x":129.2017059326172,"y":150.7243194580078,"z":0},"heading":{"unwrapped":0,"gyroUnwrapped":0,"fusionUnwrapped":-82.13268280029297},"ok":1,"state":513,"radius":-1.6074341925110842e+31,"error":{"mean":-1.8781695010311568e-26,"variance":-7.276015727419871e-12}},"wifi":{"linkQuality":1}}
{"header":1432778632,"droneState":{"flying":0,"videoEnabled":0,"visionEnabled":0,"controlAlgorithm":0,"altitudeControlAlgorithm":1,"startButtonState":0,"controlCommandAck":1,"cameraReady":1,"travellingEnabled":0,"usbReady":0,"navdataDemo":1,"navdataBootstrap":0,"motorProblem":0,"communicationLost":0,"softwareFault":0,"lowBattery":0,"userEmergencyLanding":0,"timerElapsed":0,"MagnometerNeedsCalibration":0,"anglesOutOfRange":0,"tooMuchWind":0,"ultrasonicSensorDeaf":0,"cutoutDetected":0,"picVersionNumberOk":1,"atCodecThreadOn":1,"navdataThreadOn":1,"videoThreadOn":1,"acquisitionThreadOn":1,"controlWatchdogDelay":0,"adcWatchdogDelay":0,"comWatchdogProblem":0,"emergencyLanding":0},"sequenceNumber":51474,"visionFlag":0,"demo":{"controlState":"CTRL_LANDED","flyState":"FLYING_OK","batteryPercentage":47,"rotation":{"frontBack":-27.133,"pitch":-27.133,"theta":-27.133,"y":-27.133,"leftRight":18.21,"roll":18.21,"phi":18.21,"x":18.21,"clockwise":-81.267,"yaw":-81.267,"psi":-81.267,"z":-81.267},"frontBackDegrees":-27.133,"leftRightDegrees":18.21,"clockwiseDegrees":-81.267,"altitude":0,"altitudeMeters":0,"velocity":{"x":0,"y":0,"z":0},"xVelocity":0,"yVelocity":0,"zVelocity":0,"frameIndex":0,"detection":{"camera":{"rotation":{"m11":0,"m12":0,"m13":0,"m21":0,"m22":0,"m23":0,"m31":0,"m32":0,"m33":0},"translation":{"x":0,"y":0,"z":0},"type":3},"tagIndex":0},"drone":{"camera":{"rotation":{"m11":0.13511770963668823,"m12":0.9172623157501221,"m13":-0.3746642470359802,"m21":-0.8796274662017822,"m22":0.28509730100631714,"m23":0.38075628876686096,"m31":0.4560691714286804,"m32":0.27811792492866516,"m33":0.8453705310821533},"translation":{"x":0,"y":0,"z":-265}}}},"visionDetect":{"nbDetected":0,"type":[0,0,0,0],"xc":[0,0,0,0],"yc":[0,0,0,0],"width":[0,0,0,0],"height":[0,0,0,0],"dist":[0,0,0,0],"orientationAngle":[0,0,0,0],"rotation":[{"m11":0,"m12":0,"m13":0,"m21":0,"m22":0,"m23":0,"m31":0,"m32":0,"m33":0},{"m11":0,"m12":0,"m13":0,"m21":0,"m22":0,"m23":0,"m31":0,"m32":0,"m33":0},{"m11":0,"m12":0,"m13":0,"m21":0,"m22":0,"m23":0,"m31":0,"m32":0,"m33":0},{"m11":0,"m12":0,"m13":0,"m21":0,"m22":0,"m23":0,"m31":0,"m32":0,"m33":0}],"translation":[{"x":0,"y":0,"z":0},{"x":0,"y":0,"z":0},{"x":0,"y":0,"z":0},{"x":0,"y":0,"z":0}],"cameraSource":[0,0,0,0]},"magneto":{"mx":50,"my":-56,"mz":46,"raw":{"x":192.28125,"y":-172.265625,"z":-162.796875},"rectified":{"x":63.07954406738281,"y":-322.98992919921875,"z":-162.796875},"offset":{"x":129.2017059326172,"y":150.7243194580078,"z":0},"heading":{"unwrapped":0,"gyroUnwrapped":0,"fusionUnwrapped":-81.26715087890625},"ok":1,"state":513,"radius":-1.6074341925110842e+31,"error":{"mean":-8.644190658364096e-27,"variance":-2.2658239583390505e-20}},"wifi":{"linkQuality":1}}
{"header":1432778632,"droneState":{"flying":0,"videoEnabled":0,"visionEnabled":0,"controlAlgorithm":0,"altitudeControlAlgorithm":1,"startButtonState":0,"controlCommandAck":1,"cameraReady":1,"travellingEnabled":0,"usbReady":0,"navdataDemo":1,"navdataBootstrap":0,"motorProblem":0,"communicationLost":0,"softwareFault":0,"lowBattery":0,"userEmergencyLanding":0,"timerElapsed":0,"MagnometerNeedsCalibration":0,"anglesOutOfRange":0,"tooMuchWind":0,"ultrasonicSensorDeaf":0,"cutoutDetected":0,"picVersionNumberOk":1,"atCodecThreadOn":1,"navdataThreadOn":1,"videoThreadOn":1,"acquisitionThreadOn":1,"controlWatchdogDelay":0,"adcWatchdogDelay":0,"comWatchdogProblem":0,"emergencyLanding":0},"sequenceNumber":51475,"visionFlag":0,"demo":{"controlState":"CTRL_LANDED","flyState":"FLYING_OK","batteryPercentage":47,"rotation":{"frontBack":-27.582,"pitch":-27.582,"theta":-27.582,"y":-27.582,"leftRight":17.957,"roll":17.957,"phi":17.957,"x":17.957,"clockwise":-80.355,"yaw":-80.355,"psi":-80.355,"z":-80.355},"frontBackDegrees":-27.582,"leftRightDegrees":17.957,"clockwiseDegrees":-80.355,"altitude":0,"altitudeMeters":0,"velocity":{"x":0,"y":0,"z":0},"xVelocity":0,"yVelocity":0,"zVelocity":0,"frameIndex":0,"detection":{"camera":{"rotation":{"m11":0,"m12":0,"m13":0,"m21":0,"m22":0,"m23":0,"m31":0,"m32":0,"m33":0},"translation":{"x":0,"y":0,"z":0},"type":3},"tagIndex":0},"drone":{"camera":{"rotation":{"m11":0.14849227666854858,"m12":0.9139246940612793,"m13":-0.37774571776390076,"m21":-0.8738150596618652,"m22":0.3001113533973694,"m23":0.3825969696044922,"m31":0.463030606508255,"m32":0.27326714992523193,"m33":0.8431652784347534},"translation":{"x":0,"y":0,"z":-275}}}},"visionDetect":{"nbDetected":0,"type":[0,0,0,0],"xc":[0,0,0,0],"yc":[0,0,0,0],"width":[0,0,0,0],"height":[0,0,0,0],"dist":[0,0,0,0],"orientationAngle":[0,0,0,0],"rotation":[{"m11":0,"m12":0,"m13":0,"m21":0,"m22":0,"m23":0,"m31":0,"m32":0,"m33":0},{"m11":0,"m12":0,"m13":0,"m21":0,"m22":0,"m23":0,"m31":0,"m32":0,"m33":0},{"m11":0,"m12":0,"m13":0,"m21":0,"m22":0,"m23":0,"m31":0,"m32":0,"m33":0},{"m11":0,"m12":0,"m13":0,"m21":0,"m22":0,"m23":0,"m31":0,"m32":0,"m33":0}],"translation":[{"x":0,"y":0,"z":0},{"x":0,"y":0,"z":0},{"x":0,"y":0,"z":0},{"x":0,"y":0,"z":0}],"cameraSource":[0,0,0,0]},"magneto":{"mx":52,"my":-54,"mz":46,"raw":{"x":185.4140625,"y":-179.15625,"z":-162.796875},"rectified":{"x":56.21235656738281,"y":-329.88055419921875,"z":-162.796875},"offset":{"x":129.2017059326172,"y":150.7243194580078,"z":0},"heading":{"unwrapped":0,"gyroUnwrapped":0,"fusionUnwrapped":-80.35551452636719},"ok":1,"state":513,"radius":-1.6074341925110842e+31,"error":{"mean":-3.902914365670233e-27,"variance":-3.2801148189801175e-34}},"wifi":{"linkQuality":1}}
{"header":1432778632,"droneState":{"flying":0,"videoEnabled":0,"visionEnabled":0,"controlAlgorithm":0,"altitudeControlAlgorithm":1,"startButtonState":0,"controlCommandAck":1,"cameraReady":1,"travellingEnabled":0,"usbReady":0,"navdataDemo":1,"navdataBootstrap":0,"motorProblem":0,"communicationLost":0,"softwareFault":0,"lowBattery":0,"userEmergencyLanding":0,"timerElapsed":0,"MagnometerNeedsCalibration":0,"anglesOutOfRange":0,"tooMuchWind":0,"ultrasonicSensorDeaf":0,"cutoutDetected":0,"picVersionNumberOk":1,"atCodecThreadOn":1,"navdataThreadOn":1,"videoThreadOn":1,"acquisitionThreadOn":1,"controlWatchdogDelay":0,"adcWatchdogDelay":0,"comWatchdogProblem":0,"emergencyLanding":0},"sequenceNumber":51476,"visionFlag":0,"demo":{"controlState":"CTRL_LANDED","flyState":"FLYING_OK","batteryPercentage":47,"rotation":{"frontBack":-27.998,"pitch":-27.998,"theta":-27.998,"y":-27.998,"leftRight":17.845,"roll":17.845,"phi":17.845,"x":17.845,"clockwise":-79.555,"yaw":-79.555,"psi":-79.555,"z":-79.555},"frontBackDegrees":-27.998,"leftRightDegrees":17.845,"clockwiseDegrees":-79.555,"altitude":0,"altitudeMeters":0,"velocity":{"x":0,"y":0,"z":0},"xVelocity":0,"yVelocity":0,"zVelocity":0,"frameIndex":0,"detection":{"camera":{"rotation":{"m11":0,"m12":0,"m13":0,"m21":0,"m22":0,"m23":0,"m31":0,"m32":0,"m33":0},"translation":{"x":0,"y":0,"z":0},"type":3},"tagIndex":0},"drone":{"camera":{"rotation":{"m11":0.16006219387054443,"m12":0.9100371599197388,"m13":-0.38237762451171875,"m21":-0.8683333396911621,"m22":0.3140338659286499,"m23":0.38390105962753296,"m31":0.46944373846054077,"m32":0.2705831527709961,"m33":0.8404804468154907},"translation":{"x":0,"y":0,"z":-271}}}},"visionDetect":{"nbDetected":0,"type":[0,0,0,0],"xc":[0,0,0,0],"yc":[0,0,0,0],"width":[0,0,0,0],"height":[0,0,0,0],"dist":[0,0,0,0],"orientationAngle":[0,0,0,0],"rotation":[{"m11":0,"m12":0,"m13":0,"m21":0,"m22":0,"m23":0,"m31":0,"m32":0,"m33":0},{"m11":0,"m12":0,"m13":0,"m21":0,"m22":0,"m23":0,"m31":0,"m32":0,"m33":0},{"m11":0,"m12":0,"m13":0,"m21":0,"m22":0,"m23":0,"m31":0,"m32":0,"m33":0},{"m11":0,"m12":0,"m13":0,"m21":0,"m22":0,"m23":0,"m31":0,"m32":0,"m33":0}],"translation":[{"x":0,"y":0,"z":0},{"x":0,"y":0,"z":0},{"x":0,"y":0,"z":0},{"x":0,"y":0,"z":0}],"cameraSource":[0,0,0,0]},"magneto":{"mx":53,"my":-51,"mz":45,"raw":{"x":175.11328125,"y":-182.6015625,"z":-159.2578125},"rectified":{"x":45.91157531738281,"y":-333.32586669921875,"z":-159.2578125},"offset":{"x":129.2017059326172,"y":150.7243194580078,"z":0},"heading":{"unwrapped":0,"gyroUnwrapped":0,"fusionUnwrapped":-79.55573272705078},"ok":1,"state":513,"radius":-1.6074341925110842e+31,"error":{"mean":-1.329360144086165e-27,"variance":215041.046875}},"wifi":{"linkQuality":1}}
{"header":1432778632,"droneState":{"flying":0,"videoEnabled":0,"visionEnabled":0,"controlAlgorithm":0,"altitudeControlAlgorithm":1,"startButtonState":0,"controlCommandAck":1,"cameraReady":1,"travellingEnabled":0,"usbReady":0,"navdataDemo":1,"navdataBootstrap":0,"motorProblem":0,"communicationLost":0,"softwareFault":0,"lowBattery":0,"userEmergencyLanding":0,"timerElapsed":0,"MagnometerNeedsCalibration":0,"anglesOutOfRange":0,"tooMuchWind":0,"ultrasonicSensorDeaf":0,"cutoutDetected":0,"picVersionNumberOk":1,"atCodecThreadOn":1,"navdataThreadOn":1,"videoThreadOn":1,"acquisitionThreadOn":1,"controlWatchdogDelay":0,"adcWatchdogDelay":0,"comWatchdogProblem":0,"emergencyLanding":0},"sequenceNumber":51477,"visionFlag":0,"demo":{"controlState":"CTRL_LANDED","flyState":"FLYING_OK","batteryPercentage":47,"rotation":{"frontBack":-28.358,"pitch":-28.358,"theta":-28.358,"y":-28.358,"leftRight":17.781,"roll":17.781,"phi":17.781,"x":17.781,"clockwise":-79.035,"yaw":-79.035,"psi":-79.035,"z":-79.035},"frontBackDegrees":-28.358,"leftRightDegrees":17.781,"clockwiseDegrees":-79.035,"altitude":0,"altitudeMeters":0,"velocity":{"x":0,"y":0,"z":0},"xVelocity":0,"yVelocity":0,"zVelocity":0,"frameIndex":0,"detection":{"camera":{"rotation":{"m11":0,"m12":0,"m13":0,"m21":0,"m22":0,"m23":0,"m31":0,"m32":0,"m33":0},"translation":{"x":0,"y":0,"z":0},"type":3},"tagIndex":0},"drone":{"camera":{"rotation":{"m11":0.16737157106399536,"m12":0.9072551727294922,"m13":-0.38584282994270325,"m21":-0.8639258146286011,"m22":0.32352185249328613,"m23":0.3859609067440033,"m31":0.47499361634254456,"m32":0.2687407433986664,"m33":0.8379495739936829},"translation":{"x":0,"y":0,"z":-263}}}},"visionDetect":{"nbDetected":0,"type":[0,0,0,0],"xc":[0,0,0,0],"yc":[0,0,0,0],"width":[0,0,0,0],"height":[0,0,0,0],"dist":[0,0,0,0],"orientationAngle":[0,0,0,0],"rotation":[{"m11":0,"m12":0,"m13":0,"m21":0,"m22":0,"m23":0,"m31":0,"m32":0,"m33":0},{"m11":0,"m12":0,"m13":0,"m21":0,"m22":0,"m23":0,"m31":0,"m32":0,"m33":0},{"m11":0,"m12":0,"m13":0,"m21":0,"m22":0,"m23":0,"m31":0,"m32":0,"m33":0},{"m11":0,"m12":0,"m13":0,"m21":0,"m22":0,"m23":0,"m31":0,"m32":0,"m33":0}],"translation":[{"x":0,"y":0,"z":0},{"x":0,"y":0,"z":0},{"x":0,"y":0,"z":0},{"x":0,"y":0,"z":0}],"cameraSource":[0,0,0,0]},"magneto":{"mx":53,"my":-53,"mz":45,"raw":{"x":181.98046875,"y":-182.6015625,"z":-159.2578125},"rectified":{"x":52.77876281738281,"y":-333.32586669921875,"z":-159.2578125},"offset":{"x":129.2017059326172,"y":150.7243194580078,"z":0},"heading":{"unwrapped":0,"gyroUnwrapped":0,"fusionUnwrapped":-79.03567504882812},"ok":1,"state":513,"radius":-1.6074341925110842e+31,"error":{"mean":-8.685914197272296e-28,"variance":5.89809528782581e-16}},"wifi":{"linkQuality":1}}
{"header":1432778632,"droneState":{"flying":0,"videoEnabled":0,"visionEnabled":0,"controlAlgorithm":0,"altitudeControlAlgorithm":1,"startButtonState":0,"controlCommandAck":1,"cameraReady":1,"travellingEnabled":0,"usbReady":0,"navdataDemo":1,"navdataBootstrap":0,"motorProblem":0,"communicationLost":0,"softwareFault":0,"lowBattery":0,"userEmergencyLanding":0,"timerElapsed":0,"MagnometerNeedsCalibration":0,"anglesOutOfRange":0,"tooMuchWind":0,"ultrasonicSensorDeaf":0,"cutoutDetected":0,"picVersionNumberOk":1,"atCodecThreadOn":1,"navdataThreadOn":1,"videoThreadOn":1,"acquisitionThreadOn":1,"controlWatchdogDelay":0,"adcWatchdogDelay":0,"comWatchdogProblem":0,"emergencyLanding":0},"sequenceNumber":51478,"visionFlag":0,"demo":{"controlState":"CTRL_LANDED","flyState":"FLYING_OK","batteryPercentage":47,"rotation":{"frontBack":-28.669,"pitch":-28.669,"theta":-28.669,"y":-28.669,"leftRight":17.648,"roll":17.648,"phi":17.648,"x":17.648,"clockwise":-78.752,"yaw":-78.752,"psi":-78.752,"z":-78.752},"frontBackDegrees":-28.669,"leftRightDegrees":17.648,"clockwiseDegrees":-78.752,"altitude":0,"altitudeMeters":0,"velocity":{"x":0,"y":0,"z":0},"xVelocity":0,"yVelocity":0,"zVelocity":0,"frameIndex":0,"detection":{"camera":{"rotation":{"m11":0,"m12":0,"m13":0,"m21":0,"m22":0,"m23":0,"m31":0,"m32":0,"m33":0},"translation":{"x":0,"y":0,"z":0},"type":3},"tagIndex":0},"drone":{"camera":{"rotation":{"m11":0.17112714052200317,"m12":0.9062649607658386,"m13":-0.3865220844745636,"m21":-0.8605533242225647,"m22":0.32851600646972656,"m23":0.38926246762275696,"m31":0.47975364327430725,"m32":0.26600947976112366,"m33":0.8361073136329651},"translation":{"x":0,"y":0,"z":-262}}}},"visionDetect":{"nbDetected":0,"type":[0,0,0,0],"xc":[0,0,0,0],"yc":[0,0,0,0],"width":[0,0,0,0],"height":[0,0,0,0],"dist":[0,0,0,0],"orientationAngle":[0,0,0,0],"rotation":[{"m11":0,"m12":0,"m13":0,"m21":0,"m22":0,"m23":0,"m31":0,"m32":0,"m33":0},{"m11":0,"m12":0,"m13":0,"m21":0,"m22":0,"m23":0,"m31":0,"m32":0,"m33":0},{"m11":0,"m12":0,"m13":0,"m21":0,"m22":0,"m23":0,"m31":0,"m32":0,"m33":0},{"m11":0,"m12":0,"m13":0,"m21":0,"m22":0,"m23":0,"m31":0,"m32":0,"m33":0}],"translation":[{"x":0,"y":0,"z":0},{"x":0,"y":0,"z":0},{"x":0,"y":0,"z":0},{"x":0,"y":0,"z":0}],"cameraSource":[0,0,0,0]},"magneto":{"mx":54,"my":-50,"mz":46,"raw":{"x":171.6796875,"y":-186.046875,"z":-162.796875},"rectified":{"x":42.47798156738281,"y":-336.77117919921875,"z":-162.796875},"offset":{"x":129.2017059326172,"y":150.7243194580078,"z":0},"heading":{"unwrapped":0,"gyroUnwrapped":0,"fusionUnwrapped":-78.75302124023438},"ok":1,"state":513,"radius":-1.6074341925110842e+31,"error":{"mean":-4.340491908307332e-28,"variance":1.1566912482233829e-35}},"wifi":{"linkQuality":1}}
{"header":1432778632,"droneState":{"flying":0,"videoEnabled":0,"visionEnabled":0,"controlAlgorithm":0,"altitudeControlAlgorithm":1,"startButtonState":0,"controlCommandAck":1,"cameraReady":1,"travellingEnabled":0,"usbReady":0,"navdataDemo":1,"navdataBootstrap":0,"motorProblem":0,"communicationLost":0,"softwareFault":0,"lowBattery":0,"userEmergencyLanding":0,"timerElapsed":0,"MagnometerNeedsCalibration":0,"anglesOutOfRange":0,"tooMuchWind":0,"ultrasonicSensorDeaf":0,"cutoutDetected":0,"picVersionNumberOk":1,"atCodecThreadOn":1,"navdataThreadOn":1,"videoThreadOn":1,"acquisitionThreadOn":1,"controlWatchdogDelay":0,"adcWatchdogDelay":0,"comWatchdogProblem":0,"emergencyLanding":0},"sequenceNumber":51479,"visionFlag":0,"demo":{"controlState":"CTRL_LANDED","flyState":"FLYING_OK","batteryPercentage":47,"rotation":{"frontBack":-28.838,"pitch":-28.838,"theta":-28.838,"y":-28.838,"leftRight":17.612,"roll":17.612,"phi":17.612,"x":17.612,"clockwise":-78.876,"yaw":-78.876,"psi":-78.876,"z":-78.876},"frontBackDegrees":-28.838,"leftRightDegrees":17.612,"clockwiseDegrees":-78.876,"altitude":0,"altitudeMeters":0,"velocity":{"x":0,"y":0,"z":0},"xVelocity":0,"yVelocity":0,"zVelocity":0,"frameIndex":0,"detection":{"camera":{"rotation":{"m11":0,"m12":0,"m13":0,"m21":0,"m22":0,"m23":0,"m31":0,"m32":0,"m33":0},"translation":{"x":0,"y":0,"z":0},"type":3},"tagIndex":0},"drone":{"camera":{"rotation":{"m11":0.1689910888671875,"m12":0.9070627093315125,"m13":-0.38558927178382874,"m21":-0.8595260977745056,"m22":0.32708078622817993,"m23":0.3927249014377594,"m31":0.48234495520591736,"m32":0.26505711674690247,"m33":0.8349179625511169},"translation":{"x":0,"y":0,"z":-261}}}},"visionDetect":{"nbDetected":0,"type":[0,0,0,0],"xc":[0,0,0,0],"yc":[0,0,0,0],"width":[0,0,0,0],"height":[0,0,0,0],"dist":[0,0,0,0],"orientationAngle":[0,0,0,0],"rotation":[{"m11":0,"m12":0,"m13":0,"m21":0,"m22":0,"m23":0,"m31":0,"m32":0,"m33":0},{"m11":0,"m12":0,"m13":0,"m21":0,"m22":0,"m23":0,"m31":0,"m32":0,"m33":0},{"m11":0,"m12":0,"m13":0,"m21":0,"m22":0,"m23":0,"m31":0,"m32":0,"m33":0},{"m11":0,"m12":0,"m13":0,"m21":0,"m22":0,"m23":0,"m31":0,"m32":0,"m33":0}],"translation":[{"x":0,"y":0,"z":0},{"x":0,"y":0,"z":0},{"x":0,"y":0,"z":0},{"x":0,"y":0,"z":0}],"cameraSource":[0,0,0,0]},"magneto":{"mx":54,"my":-54,"mz":42,"raw":{"x":185.4140625,"y":-186.046875,"z":-148.640625},"rectified":{"x":56.21235656738281,"y":-336.77117919921875,"z":-148.640625},"offset":{"x":129.2017059326172,"y":150.7243194580078,"z":0},"heading":{"unwrapped":0,"gyroUnwrapped":0,"fusionUnwrapped":-78.87694549560547},"ok":1,"state":513,"radius":-1.6074341925110842e+31,"error":{"mean":-3.605849542139467e-28,"variance":-6.165552578330932e+25}},"wifi":{"linkQuality":1}}
{"header":1432778632,"droneState":{"flying":0,"videoEnabled":0,"visionEnabled":0,"controlAlgorithm":0,"altitudeControlAlgorithm":1,"startButtonState":0,"controlCommandAck":1,"cameraReady":1,"travellingEnabled":0,"usbReady":0,"navdataDemo":1,"navdataBootstrap":0,"motorProblem":0,"communicationLost":0,"softwareFault":0,"lowBattery":0,"userEmergencyLanding":0,"timerElapsed":0,"MagnometerNeedsCalibration":0,"anglesOutOfRange":0,"tooMuchWind":0,"ultrasonicSensorDeaf":0,"cutoutDetected":0,"picVersionNumberOk":1,"atCodecThreadOn":1,"navdataThreadOn":1,"videoThreadOn":1,"acquisitionThreadOn":1,"controlWatchdogDelay":0,"adcWatchdogDelay":0,"comWatchdogProblem":0,"emergencyLanding":0},"sequenceNumber":51480,"visionFlag":0,"demo":{"controlState":"CTRL_LANDED","flyState":"FLYING_OK","batteryPercentage":47,"rotation":{"frontBack":-28.878,"pitch":-28.878,"theta":-28.878,"y":-28.878,"leftRight":17.6,"roll":17.6,"phi":17.6,"x":17.6,"clockwise":-79.274,"yaw":-79.274,"psi":-79.274,"z":-79.274},"frontBackDegrees":-28.878,"leftRightDegrees":17.6,"clockwiseDegrees":-79.274,"altitude":0,"altitudeMeters":0,"velocity":{"x":0,"y":0,"z":0},"xVelocity":0,"yVelocity":0,"zVelocity":0,"frameIndex":0,"detection":{"camera":{"rotation":{"m11":0,"m12":0,"m13":0,"m21":0,"m22":0,"m23":0,"m31":0,"m32":0,"m33":0},"translation":{"x":0,"y":0,"z":0},"type":3},"tagIndex":0},"drone":{"camera":{"rotation":{"m11":0.16295921802520752,"m12":0.9093608856201172,"m13":-0.38276228308677673,"m21":-0.8603461980819702,"m22":0.32087284326553345,"m23":0.3960365951061249,"m31":0.48295822739601135,"m32":0.2647702991962433,"m33":0.8346543908119202},"translation":{"x":0,"y":0,"z":-260}}}},"visionDetect":{"nbDetected":0,"type":[0,0,0,0],"xc":[0,0,0,0],"yc":[0,0,0,0],"width":[0,0,0,0],"height":[0,0,0,0],"dist":[0,0,0,0],"orientationAngle":[0,0,0,0],"rotation":[{"m11":0,"m12":0,"m13":0,"m21":0,"m22":0,"m23":0,"m31":0,"m32":0,"m33":0},{"m11":0,"m12":0,"m13":0,"m21":0,"m22":0,"m23":0,"m31":0,"m32":0,"m33":0},{"m11":0,"m12":0,"m13":0,"m21":0,"m22":0,"m23":0,"m31":0,"m32":0,"m33":0},{"m11":0,"m12":0,"m13":0,"m21":0,"m22":0,"m23":0,"m31":0,"m32":0,"m33":0}],"translation":[{"x":0,"y":0,"z":0},{"x":0,"y":0,"z":0},{"x":0,"y":0,"z":0},{"x":0,"y":0,"z":0}],"cameraSource":[0,0,0,0]},"magneto":{"mx":52,"my":-50,"mz":44,"raw":{"x":171.6796875,"y":-179.15625,"z":-155.71875},"rectified":{"x":42.47798156738281,"y":-329.88055419921875,"z":-155.71875},"offset":{"x":129.2017059326172,"y":150.7243194580078,"z":0},"heading":{"unwrapped":0,"gyroUnwrapped":0,"fusionUnwrapped":-79.27457427978516},"ok":1,"state":513,"radius":-1.6074341925110842e+31,"error":{"mean":-3.2373652177397457e-28,"variance":-25364420435908755000}},"wifi":{"linkQuality":1}}
{"header":1432778632,"droneState":{"flying":0,"videoEnabled":0,"visionEnabled":0,"controlAlgorithm":0,"altitudeControlAlgorithm":1,"startButtonState":0,"controlCommandAck":1,"cameraReady":1,"travellingEnabled":0,"usbReady":0,"navdataDemo":1,"navdataBootstrap":0,"motorProblem":0,"communicationLost":0,"softwareFault":0,"lowBattery":0,"userEmergencyLanding":0,"timerElapsed":0,"MagnometerNeedsCalibration":0,"anglesOutOfRange":0,"tooMuchWind":0,"ultrasonicSensorDeaf":0,"cutoutDetected":0,"picVersionNumberOk":1,"atCodecThreadOn":1,"navdataThreadOn":1,"videoThreadOn":1,"acquisitionThreadOn":1,"controlWatchdogDelay":0,"adcWatchdogDelay":0,"comWatchdogProblem":0,"emergencyLanding":0},"sequenceNumber":51481,"visionFlag":0,"demo":{"controlState":"CTRL_LANDED","flyState":"FLYING_OK","batteryPercentage":47,"rotation":{"frontBack":-28.887,"pitch":-28.887,"theta":-28.887,"y":-28.887,"leftRight":17.646,"roll":17.646,"phi":17.646,"x":17.646,"clockwise":-79.719,"yaw":-79.719,"psi":-79.719,"z":-79.719},"frontBackDegrees":-28.887,"leftRightDegrees":17.646,"clockwiseDegrees":-79.719,"altitude":0,"altitudeMeters":0,"velocity":{"x":0,"y":0,"z":0},"xVelocity":0,"yVelocity":0,"zVelocity":0,"frameIndex":0,"detection":{"camera":{"rotation":{"m11":0,"m12":0,"m13":0,"m21":0,"m22":0,"m23":0,"m31":0,"m32":0,"m33":0},"translation":{"x":0,"y":0,"z":0},"type":3},"tagIndex":0},"drone":{"camera":{"rotation":{"m11":0.1562533974647522,"m12":0.9115118384361267,"m13":-0.3804352283477783,"m21":-0.8615145087242126,"m22":0.3141580820083618,"m23":0.39887017011642456,"m31":0.48309171199798584,"m32":0.2654256820678711,"m33":0.8343690037727356},"translation":{"x":0,"y":0,"z":-260}}}},"visionDetect":{"nbDetected":0,"type":[0,0,0,0],"xc":[0,0,0,0],"yc":[0,0,0,0],"width":[0,0,0,0],"height":[0,0,0,0],"dist":[0,0,0,0],"orientationAngle":[0,0,0,0],"rotation":[{"m11":0,"m12":0,"m13":0,"m21":0,"m22":0,"m23":0,"m31":0,"m32":0,"m33":0},{"m11":0,"m12":0,"m13":0,"m21":0,"m22":0,"m23":0,"m31":0,"m32":0,"m33":0},{"m11":0,"m12":0,"m13":0,"m21":0,"m22":0,"m23":0,"m31":0,"m32":0,"m33":0},{"m11":0,"m12":0,"m13":0,"m21":0,"m22":0,"m23":0,"m31":0,"m32":0,"m33":0}],"translation":[{"x":0,"y":0,"z":0},{"x":0,"y":0,"z":0},{"x":0,"y":0,"z":0},{"x":0,"y":0,"z":0}],"cameraSource":[0,0,0,0]},"magneto":{"mx":47,"my":-55,"mz":47,"raw":{"x":188.84765625,"y":-161.9296875,"z":-166.3359375},"rectified":{"x":59.64595031738281,"y":-312.65399169921875,"z":-166.3359375},"offset":{"x":129.2017059326172,"y":150.7243194580078,"z":0},"heading":{"unwrapped":0,"gyroUnwrapped":0,"fusionUnwrapped":-79.71995544433594},"ok":1,"state":513,"radius":-1.6074341925110842e+31,"error":{"mean":-3.432300142990844e-28,"variance":-272090653763680860000}},"wifi":{"linkQuality":1}}
{"header":1432778632,"droneState":{"flying":0,"videoEnabled":0,"visionEnabled":0,"controlAlgorithm":0,"altitudeControlAlgorithm":1,"startButtonState":0,"controlCommandAck":1,"cameraReady":1,"travellingEnabled":0,"usbReady":0,"navdataDemo":1,"navdataBootstrap":0,"motorProblem":0,"communicationLost":0,"softwareFault":0,"lowBattery":0,"userEmergencyLanding":0,"timerElapsed":0,"MagnometerNeedsCalibration":0,"anglesOutOfRange":0,"tooMuchWind":0,"ultrasonicSensorDeaf":0,"cutoutDetected":0,"picVersionNumberOk":1,"atCodecThreadOn":1,"navdataThreadOn":1,"videoThreadOn":1,"acquisitionThreadOn":1,"controlWatchdogDelay":0,"adcWatchdogDelay":0,"comWatchdogProblem":0,"emergencyLanding":0},"sequenceNumber":51482,"visionFlag":0,"demo":{"controlState":"CTRL_LANDED","flyState":"FLYING_OK","batteryPercentage":47,"rotation":{"frontBack":-28.819,"pitch":-28.819,"theta":-28.819,"y":-28.819,"leftRight":17.932,"roll":17.932,"phi":17.932,"x":17.932,"clockwise":-80.317,"yaw":-80.317,"psi":-80.317,"z":-80.317},"frontBackDegrees":-28.819,"leftRightDegrees":17.932,"clockwiseDegrees":-80.317,"altitude":0,"altitudeMeters":0,"velocity":{"x":0,"y":0,"z":0},"xVelocity":0,"yVelocity":0,"zVelocity":0,"frameIndex":0,"detection":{"camera":{"rotation":{"m11":0,"m12":0,"m13":0,"m21":0,"m22":0,"m23":0,"m31":0,"m32":0,"m33":0},"translation":{"x":0,"y":0,"z":0},"type":3},"tagIndex":0},"drone":{"camera":{"rotation":{"m11":0.1473536491394043,"m12":0.912903368473053,"m13":-0.3806504011154175,"m21":-0.8636601567268372,"m22":0.30632537603378296,"m23":0.40032005310058594,"m31":0.4820563793182373,"m32":0.26976388692855835,"m33":0.8335761427879333},"translation":{"x":0,"y":0,"z":-263}}}},"visionDetect":{"nbDetected":0,"type":[0,0,0,0],"xc":[0,0,0,0],"yc":[0,0,0,0],"width":[0,0,0,0],"height":[0,0,0,0],"dist":[0,0,0,0],"orientationAngle":[0,0,0,0],"rotation":[{"m11":0,"m12":0,"m13":0,"m21":0,"m22":0,"m23":0,"m31":0,"m32":0,"m33":0},{"m11":0,"m12":0,"m13":0,"m21":0,"m22":0,"m23":0,"m31":0,"m32":0,"m33":0},{"m11":0,"m12":0,"m13":0,"m21":0,"m22":0,"m23":0,"m31":0,"m32":0,"m33":0},{"m11":0,"m12":0,"m13":0,"m21":0,"m22":0,"m23":0,"m31":0,"m32":0,"m33":0}],"translation":[{"x":0,"y":0,"z":0},{"x":0,"y":0,"z":0},{"x":0,"y":0,"z":0},{"x":0,"y":0,"z":0}],"cameraSource":[0,0,0,0]},"magneto":{"mx":50,"my":-52,"mz":46,"raw":{"x":178.546875,"y":-172.265625,"z":-162.796875},"rectified":{"x":49.34516906738281,"y":-322.98992919921875,"z":-162.796875},"offset":{"x":129.2017059326172,"y":150.7243194580078,"z":0},"heading":{"unwrapped":0,"gyroUnwrapped":0,"fusionUnwrapped":-80.31767272949219},"ok":1,"state":513,"radius":-1.6074341925110842e+31,"error":{"mean":-2.352177000420262e-28,"variance":-72058169563545600}},"wifi":{"linkQuality":1}}
{"header":1432778632,"droneState":{"flying":0,"videoEnabled":0,"visionEnabled":0,"controlAlgorithm":0,"altitudeControlAlgorithm":1,"startButtonState":0,"controlCommandAck":1,"cameraReady":1,"travellingEnabled":0,"usbReady":0,"navdataDemo":1,"navdataBootstrap":0,"motorProblem":0,"communicationLost":0,"softwareFault":0,"lowBattery":0,"userEmergencyLanding":0,"timerElapsed":0,"MagnometerNeedsCalibration":0,"anglesOutOfRange":0,"tooMuchWind":0,"ultrasonicSensorDeaf":0,"cutoutDetected":0,"picVersionNumberOk":1,"atCodecThreadOn":1,"navdataThreadOn":1,"videoThreadOn":1,"acquisitionThreadOn":1,"controlWatchdogDelay":0,"adcWatchdogDelay":0,"comWatchdogProblem":0,"emergencyLanding":0},"sequenceNumber":51483,"visionFlag":0,"demo":{"controlState":"CTRL_LANDED","flyState":"FLYING_OK","batteryPercentage":47,"rotation":{"frontBack":-28.778,"pitch":-28.778,"theta":-28.778,"y":-28.778,"leftRight":18.035,"roll":18.035,"phi":18.035,"x":18.035,"clockwise":-80.888,"yaw":-80.888,"psi":-80.888,"z":-80.888},"frontBackDegrees":-28.778,"leftRightDegrees":18.035,"clockwiseDegrees":-80.888,"altitude":0,"altitudeMeters":0,"velocity":{"x":0,"y":0,"z":0},"xVelocity":0,"yVelocity":0,"zVelocity":0,"frameIndex":0,"detection":{"camera":{"rotation":{"m11":0,"m12":0,"m13":0,"m21":0,"m22":0,"m23":0,"m31":0,"m32":0,"m33":0},"translation":{"x":0,"y":0,"z":0},"type":3},"tagIndex":0},"drone":{"camera":{"rotation":{"m11":0.13880211114883423,"m12":0.915258526802063,"m13":-0.3782007098197937,"m21":-0.8654248714447021,"m22":0.29775679111480713,"m23":0.40296489000320435,"m31":0.48142892122268677,"m32":0.27137190103530884,"m33":0.8334168195724487},"translation":{"x":0,"y":0,"z":-325}}}},"visionDetect":{"nbDetected":0,"type":[0,0,0,0],"xc":[0,0,0,0],"yc":[0,0,0,0],"width":[0,0,0,0],"height":[0,0,0,0],"dist":[0,0,0,0],"orientationAngle":[0,0,0,0],"rotation":[{"m11":0,"m12":0,"m13":0,"m21":0,"m22":0,"m23":0,"m31":0,"m32":0,"m33":0},{"m11":0,"m12":0,"m13":0,"m21":0,"m22":0,"m23":0,"m31":0,"m32":0,"m33":0},{"m11":0,"m12":0,"m13":0,"m21":0,"m22":0,"m23":0,"m31":0,"m32":0,"m33":0},{"m11":0,"m12":0,"m13":0,"m21":0,"m22":0,"m23":0,"m31":0,"m32":0,"m33":0}],"translation":[{"x":0,"y":0,"z":0},{"x":0,"y":0,"z":0},{"x":0,"y":0,"z":0},{"x":0,"y":0,"z":0}],"cameraSource":[0,0,0,0]},"magneto":{"mx":48,"my":-58,"mz":48,"raw":{"x":199.1484375,"y":-165.375,"z":-169.875},"rectified":{"x":69.94673156738281,"y":-316.09930419921875,"z":-169.875},"offset":{"x":129.2017059326172,"y":150.7243194580078,"z":0},"heading":{"unwrapped":0,"gyroUnwrapped":0,"fusionUnwrapped":-80.88813018798828},"ok":1,"state":513,"radius":-1.6074341925110842e+31,"error":{"mean":-3.6104101442477758e-28,"variance":-7061681049356468000}},"wifi":{"linkQuality":1}}
{"header":1432778632,"droneState":{"flying":0,"videoEnabled":0,"visionEnabled":0,"controlAlgorithm":0,"altitudeControlAlgorithm":1,"startButtonState":0,"controlCommandAck":1,"cameraReady":1,"travellingEnabled":0,"usbReady":0,"navdataDemo":1,"navdataBootstrap":0,"motorProblem":0,"communicationLost":0,"softwareFault":0,"lowBattery":0,"userEmergencyLanding":0,"timerElapsed":0,"MagnometerNeedsCalibration":0,"anglesOutOfRange":0,"tooMuchWind":0,"ultrasonicSensorDeaf":0,"cutoutDetected":0,"picVersionNumberOk":1,"atCodecThreadOn":1,"navdataThreadOn":1,"videoThreadOn":1,"acquisitionThreadOn":1,"controlWatchdogDelay":0,"adcWatchdogDelay":0,"comWatchdogProblem":0,"emergencyLanding":0},"sequenceNumber":51484,"visionFlag":0,"demo":{"controlState":"CTRL_LANDED","flyState":"FLYING_OK","batteryPercentage":47,"rotation":{"frontBack":-28.786,"pitch":-28.786,"theta":-28.786,"y":-28.786,"leftRight":18.131,"roll":18.131,"phi":18.131,"x":18.131,"clockwise":-81.391,"yaw":-81.391,"psi":-81.391,"z":-81.391},"frontBackDegrees":-28.786,"leftRightDegrees":18.131,"clockwiseDegrees":-81.391,"altitude":0,"altitudeMeters":0,"velocity":{"x":0,"y":0,"z":0},"xVelocity":0,"yVelocity":0,"zVelocity":0,"frameIndex":0,"detection":{"camera":{"rotation":{"m11":0,"m12":0,"m13":0,"m21":0,"m22":0,"m23":0,"m31":0,"m32":0,"m33":0},"translation":{"x":0,"y":0,"z":0},"type":3},"tagIndex":0},"drone":{"camera":{"rotation":{"m11":0.13118106126785278,"m12":0.9172062277793884,"m13":-0.37619686126708984,"m21":-0.8665456175804138,"m22":0.29041802883148193,"m23":0.40590131282806396,"m31":0.48154956102371216,"m32":0.2727452516555786,"m33":0.8328985571861267},"translation":{"x":0,"y":0,"z":-263}}}},"visionDetect":{"nbDetected":0,"type":[0,0,0,0],"xc":[0,0,0,0],"yc":[0,0,0,0],"width":[0,0,0,0],"height":[0,0,0,0],"dist":[0,0,0,0],"orientationAngle":[0,0,0,0],"rotation":[{"m11":0,"m12":0,"m13":0,"m21":0,"m22":0,"m23":0,"m31":0,"m32":0,"m33":0},{"m11":0,"m12":0,"m13":0,"m21":0,"m22":0,"m23":0,"m31":0,"m32":0,"m33":0},{"m11":0,"m12":0,"m13":0,"m21":0,"m22":0,"m23":0,"m31":0,"m32":0,"m33":0},{"m11":0,"m12":0,"m13":0,"m21":0,"m22":0,"m23":0,"m31":0,"m32":0,"m33":0}],"translation":[{"x":0,"y":0,"z":0},{"x":0,"y":0,"z":0},{"x":0,"y":0,"z":0},{"x":0,"y":0,"z":0}],"cameraSource":[0,0,0,0]},"magneto":{"mx":53,"my":-55,"mz":45,"raw":{"x":188.84765625,"y":-182.6015625,"z":-159.2578125},"rectified":{"x":59.64595031738281,"y":-333.32586669921875,"z":-159.2578125},"offset":{"x":129.2017059326172,"y":150.7243194580078,"z":0},"heading":{"unwrapped":0,"gyroUnwrapped":0,"fusionUnwrapped":-81.39167785644531},"ok":1,"state":513,"radius":-1.6074341925110842e+31,"error":{"mean":-6.75933665894126e-28,"variance":-2.0789599440590825e+32}},"wifi":{"linkQuality":1}}
{"header":1432778632,"droneState":{"flying":0,"videoEnabled":0,"visionEnabled":0,"controlAlgorithm":0,"altitudeControlAlgorithm":1,"startButtonState":0,"controlCommandAck":1,"cameraReady":1,"travellingEnabled":0,"usbReady":0,"navdataDemo":1,"navdataBootstrap":0,"motorProblem":0,"communicationLost":0,"softwareFault":0,"lowBattery":0,"userEmergencyLanding":0,"timerElapsed":0,"MagnometerNeedsCalibration":0,"anglesOutOfRange":0,"tooMuchWind":0,"ultrasonicSensorDeaf":0,"cutoutDetected":0,"picVersionNumberOk":1,"atCodecThreadOn":1,"navdataThreadOn":1,"videoThreadOn":1,"acquisitionThreadOn":1,"controlWatchdogDelay":0,"adcWatchdogDelay":0,"comWatchdogProblem":0,"emergencyLanding":0},"sequenceNumber":51485,"visionFlag":0,"demo":{"controlState":"CTRL_LANDED","flyState":"FLYING_OK","batteryPercentage":47,"rotation":{"frontBack":-28.874,"pitch":-28.874,"theta":-28.874,"y":-28.874,"leftRight":18.222,"roll":18.222,"phi":18.222,"x":18.222,"clockwise":-81.694,"yaw":-81.694,"psi":-81.694,"z":-81.694},"frontBackDegrees":-28.874,"leftRightDegrees":18.222,"clockwiseDegrees":-81.694,"altitude":0,"altitudeMeters":0,"velocity":{"x":0,"y":0,"z":0},"xVelocity":0,"yVelocity":0,"zVelocity":0,"frameIndex":0,"detection":{"camera":{"rotation":{"m11":0,"m12":0,"m13":0,"m21":0,"m22":0,"m23":0,"m31":0,"m32":0,"m33":0},"translation":{"x":0,"y":0,"z":0},"type":3},"tagIndex":0},"drone":{"camera":{"rotation":{"m11":0.1264994740486145,"m12":0.9180742502212524,"m13":-0.3756828308105469,"m21":-0.8664921522140503,"m22":0.28663361072540283,"m23":0.4086962640285492,"m31":0.4828968644142151,"m32":0.27382633090019226,"m33":0.8317630290985107},"translation":{"x":0,"y":0,"z":-258}}}},"visionDetect":{"nbDetected":0,"type":[0,0,0,0],"xc":[0,0,0,0],"yc":[0,0,0,0],"width":[0,0,0,0],"height":[0,0,0,0],"dist":[0,0,0,0],"orientationAngle":[0,0,0,0],"rotation":[{"m11":0,"m12":0,"m13":0,"m21":0,"m22":0,"m23":0,"m31":0,"m32":0,"m33":0},{"m11":0,"m12":0,"m13":0,"m21":0,"m22":0,"m23":0,"m31":0,"m32":0,"m33":0},{"m11":0,"m12":0,"m13":0,"m21":0,"m22":0,"m23":0,"m31":0,"m32":0,"m33":0},{"m11":0,"m12":0,"m13":0,"m21":0,"m22":0,"m23":0,"m31":0,"m32":0,"m33":0}],"translation":[{"x":0,"y":0,"z":0},{"x":0,"y":0,"z":0},{"x":0,"y":0,"z":0},{"x":0,"y":0,"z":0}],"cameraSource":[0,0,0,0]},"magneto":{"mx":52,"my":-48,"mz":44,"raw":{"x":164.8125,"y":-179.15625,"z":-155.71875},"rectified":{"x":35.61079406738281,"y":-329.88055419921875,"z":-155.71875},"offset":{"x":129.2017059326172,"y":150.7243194580078,"z":0},"heading":{"unwrapped":0,"gyroUnwrapped":0,"fusionUnwrapped":-81.69402313232422},"ok":1,"state":513,"radius":-1.6074341925110842e+31,"error":{"mean":-9.376414008373563e-28,"variance":-2.7200985432810774e+25}},"wifi":{"linkQuality":1}}
{"header":1432778632,"droneState":{"flying":0,"videoEnabled":0,"visionEnabled":0,"controlAlgorithm":0,"altitudeControlAlgorithm":1,"startButtonState":0,"controlCommandAck":1,"cameraReady":1,"travellingEnabled":0,"usbReady":0,"navdataDemo":1,"navdataBootstrap":0,"motorProblem":0,"communicationLost":0,"softwareFault":0,"lowBattery":0,"userEmergencyLanding":0,"timerElapsed":0,"MagnometerNeedsCalibration":0,"anglesOutOfRange":0,"tooMuchWind":0,"ultrasonicSensorDeaf":0,"cutoutDetected":0,"picVersionNumberOk":1,"atCodecThreadOn":1,"navdataThreadOn":1,"videoThreadOn":1,"acquisitionThreadOn":1,"controlWatchdogDelay":0,"adcWatchdogDelay":0,"comWatchdogProblem":0,"emergencyLanding":0},"sequenceNumber":51486,"visionFlag":0,"demo":{"controlState":"CTRL_LANDED","flyState":"FLYING_OK","batteryPercentage":47,"rotation":{"frontBack":-29.056,"pitch":-29.056,"theta":-29.056,"y":-29.056,"leftRight":18.185,"roll":18.185,"phi":18.185,"x":18.185,"clockwise":-81.717,"yaw":-81.717,"psi":-81.717,"z":-81.717},"frontBackDegrees":-29.056,"leftRightDegrees":18.185,"clockwiseDegrees":-81.717,"altitude":0,"altitudeMeters":0,"velocity":{"x":0,"y":0,"z":0},"xVelocity":0,"yVelocity":0,"zVelocity":0,"frameIndex":0,"detection":{"camera":{"rotation":{"m11":0,"m12":0,"m13":0,"m21":0,"m22":0,"m23":0,"m31":0,"m32":0,"m33":0},"translation":{"x":0,"y":0,"z":0},"type":3},"tagIndex":0},"drone":{"camera":{"rotation":{"m11":0.12591969966888428,"m12":0.9183096289634705,"m13":-0.3753023147583008,"m21":-0.8650214076042175,"m22":0.2868492007255554,"m23":0.41165000200271606,"m31":0.4856773018836975,"m32":0.27280962467193604,"m33":0.830477237701416},"translation":{"x":0,"y":0,"z":-257}}}},"visionDetect":{"nbDetected":0,"type":[0,0,0,0],"xc":[0,0,0,0],"yc":[0,0,0,0],"width":[0,0,0,0],"height":[0,0,0,0],"dist":[0,0,0,0],"orientationAngle":[0,0,0,0],"rotation":[{"m11":0,"m12":0,"m13":0,"m21":0,"m22":0,"m23":0,"m31":0,"m32":0,"m33":0},{"m11":0,"m12":0,"m13":0,"m21":0,"m22":0,"m23":0,"m31":0,"m32":0,"m33":0},{"m11":0,"m12":0,"m13":0,"m21":0,"m22":0,"m23":0,"m31":0,"m32":0,"m33":0},{"m11":0,"m12":0,"m13":0,"m21":0,"m22":0,"m23":0,"m31":0,"m32":0,"m33":0}],"translation":[{"x":0,"y":0,"z":0},{"x":0,"y":0,"z":0},{"x":0,"y":0,"z":0},{"x":0,"y":0,"z":0}],"cameraSource":[0,0,0,0]},"magneto":{"mx":49,"my":-57,"mz":41,"raw":{"x":195.71484375,"y":-168.8203125,"z":-145.1015625},"rectified":{"x":66.51313781738281,"y":-319.54461669921875,"z":-145.1015625},"offset":{"x":129.2017059326172,"y":150.7243194580078,"z":0},"heading":{"unwrapped":0,"gyroUnwrapped":0,"fusionUnwrapped":-81.71769714355469},"ok":1,"state":513,"radius":-1.6074341925110842e+31,"error":{"mean":-1.2234555675602441e-27,"variance":-3170552554488594400}},"wifi":{"linkQuality":1}}
