{"header":1432778632,"droneState":{"flying":0,"videoEnabled":0,"visionEnabled":0,"controlAlgorithm":0,"altitudeControlAlgorithm":1,"startButtonState":0,"controlCommandAck":1,"cameraReady":1,"travellingEnabled":0,"usbReady":0,"navdataDemo":1,"navdataBootstrap":0,"motorProblem":0,"communicationLost":0,"softwareFault":0,"lowBattery":0,"userEmergencyLanding":1,"timerElapsed":1,"MagnometerNeedsCalibration":0,"anglesOutOfRange":1,"tooMuchWind":0,"ultrasonicSensorDeaf":0,"cutoutDetected":0,"picVersionNumberOk":1,"atCodecThreadOn":1,"navdataThreadOn":1,"videoThreadOn":1,"acquisitionThreadOn":1,"controlWatchdogDelay":0,"adcWatchdogDelay":0,"comWatchdogProblem":0,"emergencyLanding":1},"sequenceNumber":64930,"visionFlag":1,"demo":{"controlState":"CTRL_DEFAULT","flyState":"FLYING_OK","batteryPercentage":42,"rotation":{"frontBack":-5.314,"pitch":-5.314,"theta":-5.314,"y":-5.314,"leftRight":-3.224,"roll":-3.224,"phi":-3.224,"x":-3.224,"clockwise":119.82,"yaw":119.82,"psi":119.82,"z":119.82},"frontBackDegrees":-5.314,"leftRightDegrees":-3.224,"clockwiseDegrees":119.82,"altitude":0,"altitudeMeters":0,"velocity":{"x":0,"y":0,"z":0},"xVelocity":0,"yVelocity":0,"zVelocity":0,"frameIndex":0,"detection":{"camera":{"rotation":{"m11":0,"m12":0,"m13":0,"m21":0,"m22":0,"m23":0,"m31":0,"m32":0,"m33":0},"translation":{"x":0,"y":0,"z":0},"type":3},"tagIndex":0},"drone":{"camera":{"rotation":{"m11":-0.49514734745025635,"m12":-0.8688046336174011,"m13":-0.002819601446390152,"m21":0.8638580441474915,"m22":-0.4919770359992981,"m23":-0.10820420831441879,"m31":0.09262113273143768,"m32":-0.05601274222135544,"m33":0.994124710559845},"translation":{"x":0,"y":0,"z":-278}}}},"visionDetect":{"nbDetected":0,"type":[0,0,0,0],"xc":[0,0,0,0],"yc":[0,0,0,0],"width":[0,0,0,0],"height":[0,0,0,0],"dist":[0,0,0,0],"orientationAngle":[0,0,0,0],"rotation":[{"m11":0,"m12":0,"m13":0,"m21":0,"m22":0,"m23":0,"m31":0,"m32":0,"m33":0},{"m11":0,"m12":0,"m13":0,"m21":0,"m22":0,"m23":0,"m31":0,"m32":0,"m33":0},{"m11":0,"m12":0,"m13":0,"m21":0,"m22":0,"m23":0,"m31":0,"m32":0,"m33":0},{"m11":0,"m12":0,"m13":0,"m21":0,"m22":0,"m23":0,"m31":0,"m32":0,"m33":0}],"translation":[{"x":0,"y":0,"z":0},{"x":0,"y":0,"z":0},{"x":0,"y":0,"z":0},{"x":0,"y":0,"z":0}],"cameraSource":[0,0,0,0]},"magneto":{"mx":61,"my":-39,"mz":35,"raw":{"x":133.91015625,"y":-210.1640625,"z":-123.8671875},"rectified":{"x":4.7084503173828125,"y":-360.88836669921875,"z":-123.8671875},"offset":{"x":129.2017059326172,"y":150.7243194580078,"z":0},"heading":{"unwrapped":0,"gyroUnwrapped":0,"fusionUnwrapped":119.82063293457031},"ok":1,"state":513,"radius":-1.6074341925110842e+31,"error":{"mean":-3.592724391794801e-16,"variance":229781848064}},"wifi":{"linkQuality":1}}
{"header":1432778632,"droneState":{"flying":0,"videoEnabled":0,"visionEnabled":0,"controlAlgorithm":0,"altitudeControlAlgorithm":1,"startButtonState":0,"controlCommandAck":1,"cameraReady":1,"travellingEnabled":0,"usbReady":0,"navdataDemo":1,"navdataBootstrap":0,"motorProblem":0,"communicationLost":0,"softwareFault":0,"lowBattery":0,"userEmergencyLanding":0,"timerElapsed":0,"MagnometerNeedsCalibration":0,"anglesOutOfRange":0,"tooMuchWind":0,"ultrasonicSensorDeaf":0,"cutoutDetected":0,"picVersionNumberOk":1,"atCodecThreadOn":1,"navdataThreadOn":1,"videoThreadOn":1,"acquisitionThreadOn":1,"controlWatchdogDelay":0,"adcWatchdogDelay":0,"comWatchdogProblem":0,"emergencyLanding":0},"sequenceNumber":64931,"visionFlag":1,"demo":{"controlState":"CTRL_LANDED","flyState":"FLYING_OK","batteryPercentage":42,"rotation":{"frontBack":-5.762,"pitch":-5.762,"theta":-5.762,"y":-5.762,"leftRight":-3.475,"roll":-3.475,"phi":-3.475,"x":-3.475,"clockwise":119.829,"yaw":119.829,"psi":119.829,"z":119.829},"frontBackDegrees":-5.762,"leftRightDegrees":-3.475,"clockwiseDegrees":119.829,"altitude":0,"altitudeMeters":0,"velocity":{"x":0,"y":0,"z":0},"xVelocity":0,"yVelocity":0,"zVelocity":0,"frameIndex":0,"detection":{"camera":{"rotation":{"m11":0,"m12":0,"m13":0,"m21":0,"m22":0,"m23":0,"m31":0,"m32":0,"m33":0},"translation":{"x":0,"y":0,"z":0},"type":3},"tagIndex":0},"drone":{"camera":{"rotation":{"m11":-0.494906485080719,"m12":-0.8689419627189636,"m13":-0.0027389749884605408,"m21":0.8631256222724915,"m22":-0.49122464656829834,"m23":-0.11710089445114136,"m31":0.10040841996669769,"m32":-0.06031806766986847,"m33":0.9931161999702454},"translation":{"x":0,"y":0,"z":-359}}}},"visionDetect":{"nbDetected":0,"type":[0,0,0,0],"xc":[0,0,0,0],"yc":[0,0,0,0],"width":[0,0,0,0],"height":[0,0,0,0],"dist":[0,0,0,0],"orientationAngle":[0,0,0,0],"rotation":[{"m11":0,"m12":0,"m13":0,"m21":0,"m22":0,"m23":0,"m31":0,"m32":0,"m33":0},{"m11":0,"m12":0,"m13":0,"m21":0,"m22":0,"m23":0,"m31":0,"m32":0,"m33":0},{"m11":0,"m12":0,"m13":0,"m21":0,"m22":0,"m23":0,"m31":0,"m32":0,"m33":0},{"m11":0,"m12":0,"m13":0,"m21":0,"m22":0,"m23":0,"m31":0,"m32":0,"m33":0}],"translation":[{"x":0,"y":0,"z":0},{"x":0,"y":0,"z":0},{"x":0,"y":0,"z":0},{"x":0,"y":0,"z":0}],"cameraSource":[0,0,0,0]},"magneto":{"mx":58,"my":-42,"mz":42,"raw":{"x":144.2109375,"y":-199.828125,"z":-148.640625},"rectified":{"x":15.009231567382812,"y":-350.55242919921875,"z":-148.640625},"offset":{"x":129.2017059326172,"y":150.7243194580078,"z":0},"heading":{"unwrapped":0,"gyroUnwrapped":0,"fusionUnwrapped":119.8295669555664},"ok":1,"state":513,"radius":-1.6074341925110842e+31,"error":{"mean":-2.8068811046501514e-16,"variance":2128663503962112}},"wifi":{"linkQuality":1}}
{"header":1432778632,"droneState":{"flying":0,"videoEnabled":0,"visionEnabled":0,"controlAlgorithm":0,"altitudeControlAlgorithm":1,"startButtonState":0,"controlCommandAck":1,"cameraReady":1,"travellingEnabled":0,"usbReady":0,"navdataDemo":1,"navdataBootstrap":0,"motorProblem":0,"communicationLost":0,"softwareFault":0,"lowBattery":0,"userEmergencyLanding":0,"timerElapsed":0,"MagnometerNeedsCalibration":0,"anglesOutOfRange":0,"tooMuchWind":0,"ultrasonicSensorDeaf":0,"cutoutDetected":0,"picVersionNumberOk":1,"atCodecThreadOn":1,"navdataThreadOn":1,"videoThreadOn":1,"acquisitionThreadOn":1,"controlWatchdogDelay":0,"adcWatchdogDelay":0,"comWatchdogProblem":0,"emergencyLanding":0},"sequenceNumber":64932,"visionFlag":1,"demo":{"controlState":"CTRL_LANDED","flyState":"FLYING_OK","batteryPercentage":42,"rotation":{"frontBack":-5.682,"pitch":-5.682,"theta":-5.682,"y":-5.682,"leftRight":-3.423,"roll":-3.423,"phi":-3.423,"x":-3.423,"clockwise":119.8,"yaw":119.8,"psi":119.8,"z":119.8},"frontBackDegrees":-5.682,"leftRightDegrees":-3.423,"clockwiseDegrees":119.8,"altitude":0,"altitudeMeters":0,"velocity":{"x":0,"y":0,"z":0},"xVelocity":0,"yVelocity":0,"zVelocity":0,"frameIndex":0,"detection":{"camera":{"rotation":{"m11":0,"m12":0,"m13":0,"m21":0,"m22":0,"m23":0,"m31":0,"m32":0,"m33":0},"translation":{"x":0,"y":0,"z":0},"type":3},"tagIndex":0},"drone":{"camera":{"rotation":{"m11":-0.4945440888404846,"m12":-0.8691484928131104,"m13":-0.0026961900293827057,"m21":0.8634943962097168,"m22":-0.4909687638282776,"m23":-0.11544398963451385,"m31":0.09901422262191772,"m32":-0.05942027270793915,"m33":0.9933103322982788},"translation":{"x":0,"y":0,"z":-269}}}},"visionDetect":{"nbDetected":0,"type":[0,0,0,0],"xc":[0,0,0,0],"yc":[0,0,0,0],"width":[0,0,0,0],"height":[0,0,0,0],"dist":[0,0,0,0],"orientationAngle":[0,0,0,0],"rotation":[{"m11":0,"m12":0,"m13":0,"m21":0,"m22":0,"m23":0,"m31":0,"m32":0,"m33":0},{"m11":0,"m12":0,"m13":0,"m21":0,"m22":0,"m23":0,"m31":0,"m32":0,"m33":0},{"m11":0,"m12":0,"m13":0,"m21":0,"m22":0,"m23":0,"m31":0,"m32":0,"m33":0},{"m11":0,"m12":0,"m13":0,"m21":0,"m22":0,"m23":0,"m31":0,"m32":0,"m33":0}],"translation":[{"x":0,"y":0,"z":0},{"x":0,"y":0,"z":0},{"x":0,"y":0,"z":0},{"x":0,"y":0,"z":0}],"cameraSource":[0,0,0,0]},"magneto":{"mx":57,"my":-41,"mz":39,"raw":{"x":140.77734375,"y":-196.3828125,"z":-138.0234375},"rectified":{"x":11.575637817382812,"y":-347.10711669921875,"z":-138.0234375},"offset":{"x":129.2017059326172,"y":150.7243194580078,"z":0},"heading":{"unwrapped":0,"gyroUnwrapped":0,"fusionUnwrapped":119.8009033203125},"ok":1,"state":513,"radius":-1.6074341925110842e+31,"error":{"mean":-3.153486986666611e-16,"variance":2040702573740032}},"wifi":{"linkQuality":1}}
{"header":1432778632,"droneState":{"flying":0,"videoEnabled":0,"visionEnabled":0,"controlAlgorithm":0,"altitudeControlAlgorithm":1,"startButtonState":0,"controlCommandAck":1,"cameraReady":1,"travellingEnabled":0,"usbReady":0,"navdataDemo":1,"navdataBootstrap":0,"motorProblem":0,"communicationLost":0,"softwareFault":0,"lowBattery":0,"userEmergencyLanding":0,"timerElapsed":0,"MagnometerNeedsCalibration":0,"anglesOutOfRange":0,"tooMuchWind":0,"ultrasonicSensorDeaf":0,"cutoutDetected":0,"picVersionNumberOk":1,"atCodecThreadOn":1,"navdataThreadOn":1,"videoThreadOn":1,"acquisitionThreadOn":1,"controlWatchdogDelay":0,"adcWatchdogDelay":0,"comWatchdogProblem":0,"emergencyLanding":0},"sequenceNumber":64933,"visionFlag":1,"demo":{"controlState":"CTRL_LANDED","flyState":"FLYING_OK","batteryPercentage":42,"rotation":{"frontBack":-5.833,"pitch":-5.833,"theta":-5.833,"y":-5.833,"leftRight":-3.315,"roll":-3.315,"phi":-3.315,"x":-3.315,"clockwise":119.646,"yaw":119.646,"psi":119.646,"z":119.646},"frontBackDegrees":-5.833,"leftRightDegrees":-3.315,"clockwiseDegrees":119.646,"altitude":0,"altitudeMeters":0,"velocity":{"x":0,"y":0,"z":0},"xVelocity":0,"yVelocity":0,"zVelocity":0,"frameIndex":0,"detection":{"camera":{"rotation":{"m11":0,"m12":0,"m13":0,"m21":0,"m22":0,"m23":0,"m31":0,"m32":0,"m33":0},"translation":{"x":0,"y":0,"z":0},"type":3},"tagIndex":0},"drone":{"camera":{"rotation":{"m11":-0.49209094047546387,"m12":-0.8705436587333679,"m13":-0.00006415322422981262,"m21":0.864589273929596,"m22":-0.4887164831161499,"m23":-0.11679632216691971,"m31":0.10164494812488556,"m32":-0.057529889047145844,"m33":0.993155837059021},"translation":{"x":0,"y":0,"z":-287}}}},"visionDetect":{"nbDetected":0,"type":[0,0,0,0],"xc":[0,0,0,0],"yc":[0,0,0,0],"width":[0,0,0,0],"height":[0,0,0,0],"dist":[0,0,0,0],"orientationAngle":[0,0,0,0],"rotation":[{"m11":0,"m12":0,"m13":0,"m21":0,"m22":0,"m23":0,"m31":0,"m32":0,"m33":0},{"m11":0,"m12":0,"m13":0,"m21":0,"m22":0,"m23":0,"m31":0,"m32":0,"m33":0},{"m11":0,"m12":0,"m13":0,"m21":0,"m22":0,"m23":0,"m31":0,"m32":0,"m33":0},{"m11":0,"m12":0,"m13":0,"m21":0,"m22":0,"m23":0,"m31":0,"m32":0,"m33":0}],"translation":[{"x":0,"y":0,"z":0},{"x":0,"y":0,"z":0},{"x":0,"y":0,"z":0},{"x":0,"y":0,"z":0}],"cameraSource":[0,0,0,0]},"magneto":{"mx":58,"my":-44,"mz":36,"raw":{"x":151.078125,"y":-199.828125,"z":-127.40625},"rectified":{"x":21.876419067382812,"y":-350.55242919921875,"z":-127.40625},"offset":{"x":129.2017059326172,"y":150.7243194580078,"z":0},"heading":{"unwrapped":0,"gyroUnwrapped":0,"fusionUnwrapped":119.6469497680664},"ok":1,"state":513,"radius":-1.6074341925110842e+31,"error":{"mean":-2.44814571082901e-16,"variance":1030796541952}},"wifi":{"linkQuality":1}}
{"header":1432778632,"droneState":{"flying":0,"videoEnabled":0,"visionEnabled":0,"controlAlgorithm":0,"altitudeControlAlgorithm":1,"startButtonState":0,"controlCommandAck":1,"cameraReady":1,"travellingEnabled":0,"usbReady":0,"navdataDemo":1,"navdataBootstrap":0,"motorProblem":0,"communicationLost":0,"softwareFault":0,"lowBattery":0,"userEmergencyLanding":0,"timerElapsed":0,"MagnometerNeedsCalibration":0,"anglesOutOfRange":0,"tooMuchWind":0,"ultrasonicSensorDeaf":0,"cutoutDetected":0,"picVersionNumberOk":1,"atCodecThreadOn":1,"navdataThreadOn":1,"videoThreadOn":1,"acquisitionThreadOn":1,"controlWatchdogDelay":0,"adcWatchdogDelay":0,"comWatchdogProblem":0,"emergencyLanding":0},"sequenceNumber":64934,"visionFlag":1,"demo":{"controlState":"CTRL_LANDED","flyState":"FLYING_OK","batteryPercentage":42,"rotation":{"frontBack":-5.993,"pitch":-5.993,"theta":-5.993,"y":-5.993,"leftRight":-3.248,"roll":-3.248,"phi":-3.248,"x":-3.248,"clockwise":119.443,"yaw":119.443,"psi":119.443,"z":119.443},"frontBackDegrees":-5.993,"leftRightDegrees":-3.248,"clockwiseDegrees":119.443,"altitude":0,"altitudeMeters":0,"velocity":{"x":0,"y":0,"z":0},"xVelocity":0,"yVelocity":0,"zVelocity":0,"frameIndex":0,"detection":{"camera":{"rotation":{"m11":0,"m12":0,"m13":0,"m21":0,"m22":0,"m23":0,"m31":0,"m32":0,"m33":0},"translation":{"x":0,"y":0,"z":0},"type":3},"tagIndex":0},"drone":{"camera":{"rotation":{"m11":-0.488883912563324,"m12":-0.8723467588424683,"m13":0.0018926747143268585,"m21":0.8660768270492554,"m22":-0.48562753200531006,"m23":-0.11864522099494934,"m31":0.10441891849040985,"m32":-0.056364551186561584,"m33":0.9929348826408386},"translation":{"x":0,"y":0,"z":-313}}}},"visionDetect":{"nbDetected":0,"type":[0,0,0,0],"xc":[0,0,0,0],"yc":[0,0,0,0],"width":[0,0,0,0],"height":[0,0,0,0],"dist":[0,0,0,0],"orientationAngle":[0,0,0,0],"rotation":[{"m11":0,"m12":0,"m13":0,"m21":0,"m22":0,"m23":0,"m31":0,"m32":0,"m33":0},{"m11":0,"m12":0,"m13":0,"m21":0,"m22":0,"m23":0,"m31":0,"m32":0,"m33":0},{"m11":0,"m12":0,"m13":0,"m21":0,"m22":0,"m23":0,"m31":0,"m32":0,"m33":0},{"m11":0,"m12":0,"m13":0,"m21":0,"m22":0,"m23":0,"m31":0,"m32":0,"m33":0}],"translation":[{"x":0,"y":0,"z":0},{"x":0,"y":0,"z":0},{"x":0,"y":0,"z":0},{"x":0,"y":0,"z":0}],"cameraSource":[0,0,0,0]},"magneto":{"mx":53,"my":-41,"mz":39,"raw":{"x":140.77734375,"y":-182.6015625,"z":-138.0234375},"rectified":{"x":11.575637817382812,"y":-333.32586669921875,"z":-138.0234375},"offset":{"x":129.2017059326172,"y":150.7243194580078,"z":0},"heading":{"unwrapped":0,"gyroUnwrapped":0,"fusionUnwrapped":119.44400024414062},"ok":1,"state":513,"radius":-1.6074341925110842e+31,"error":{"mean":-1.8919075123476856e-16,"variance":4054466691072}},"wifi":{"linkQuality":1}}
{"header":1432778632,"droneState":{"flying":0,"videoEnabled":0,"visionEnabled":0,"controlAlgorithm":0,"altitudeControlAlgorithm":1,"startButtonState":0,"controlCommandAck":1,"cameraReady":1,"travellingEnabled":0,"usbReady":0,"navdataDemo":1,"navdataBootstrap":0,"motorProblem":0,"communicationLost":0,"softwareFault":0,"lowBattery":0,"userEmergencyLanding":0,"timerElapsed":0,"MagnometerNeedsCalibration":0,"anglesOutOfRange":0,"tooMuchWind":0,"ultrasonicSensorDeaf":0,"cutoutDetected":0,"picVersionNumberOk":1,"atCodecThreadOn":1,"navdataThreadOn":1,"videoThreadOn":1,"acquisitionThreadOn":1,"controlWatchdogDelay":0,"adcWatchdogDelay":0,"comWatchdogProblem":0,"emergencyLanding":0},"sequenceNumber":64935,"visionFlag":1,"demo":{"controlState":"CTRL_LANDED","flyState":"FLYING_OK","batteryPercentage":42,"rotation":{"frontBack":-6.04,"pitch":-6.04,"theta":-6.04,"y":-6.04,"leftRight":-3.38,"roll":-3.38,"phi":-3.38,"x":-3.38,"clockwise":119.42,"yaw":119.42,"psi":119.42,"z":119.42},"frontBackDegrees":-6.04,"leftRightDegrees":-3.38,"clockwiseDegrees":119.42,"altitude":0,"altitudeMeters":0,"velocity":{"x":0,"y":0,"z":0},"xVelocity":0,"yVelocity":0,"zVelocity":0,"frameIndex":0,"detection":{"camera":{"rotation":{"m11":0,"m12":0,"m13":0,"m21":0,"m22":0,"m23":0,"m31":0,"m32":0,"m33":0},"translation":{"x":0,"y":0,"z":0},"type":3},"tagIndex":0},"drone":{"camera":{"rotation":{"m11":-0.4884868860244751,"m12":-0.8725714087486267,"m13":0.00024709850549697876,"m21":0.8662018179893494,"m22":-0.48495519161224365,"m23":-0.12047112733125687,"m31":0.10523947328329086,"m32":-0.05863451212644577,"m33":0.9927167892456055},"translation":{"x":0,"y":0,"z":-301}}}},"visionDetect":{"nbDetected":0,"type":[0,0,0,0],"xc":[0,0,0,0],"yc":[0,0,0,0],"width":[0,0,0,0],"height":[0,0,0,0],"dist":[0,0,0,0],"orientationAngle":[0,0,0,0],"rotation":[{"m11":0,"m12":0,"m13":0,"m21":0,"m22":0,"m23":0,"m31":0,"m32":0,"m33":0},{"m11":0,"m12":0,"m13":0,"m21":0,"m22":0,"m23":0,"m31":0,"m32":0,"m33":0},{"m11":0,"m12":0,"m13":0,"m21":0,"m22":0,"m23":0,"m31":0,"m32":0,"m33":0},{"m11":0,"m12":0,"m13":0,"m21":0,"m22":0,"m23":0,"m31":0,"m32":0,"m33":0}],"translation":[{"x":0,"y":0,"z":0},{"x":0,"y":0,"z":0},{"x":0,"y":0,"z":0},{"x":0,"y":0,"z":0}],"cameraSource":[0,0,0,0]},"magneto":{"mx":58,"my":-36,"mz":40,"raw":{"x":123.609375,"y":-199.828125,"z":-141.5625},"rectified":{"x":-5.5923309326171875,"y":-350.55242919921875,"z":-141.5625},"offset":{"x":129.2017059326172,"y":150.7243194580078,"z":0},"heading":{"unwrapped":0,"gyroUnwrapped":0,"fusionUnwrapped":119.42054748535156},"ok":1,"state":513,"radius":-1.6074341925110842e+31,"error":{"mean":-1.978643686146526e-16,"variance":28037687017472}},"wifi":{"linkQuality":1}}
{"header":1432778632,"droneState":{"flying":0,"videoEnabled":0,"visionEnabled":0,"controlAlgorithm":0,"altitudeControlAlgorithm":1,"startButtonState":0,"controlCommandAck":1,"cameraReady":1,"travellingEnabled":0,"usbReady":0,"navdataDemo":1,"navdataBootstrap":0,"motorProblem":0,"communicationLost":0,"softwareFault":0,"lowBattery":0,"userEmergencyLanding":0,"timerElapsed":0,"MagnometerNeedsCalibration":0,"anglesOutOfRange":0,"tooMuchWind":0,"ultrasonicSensorDeaf":0,"cutoutDetected":0,"picVersionNumberOk":1,"atCodecThreadOn":1,"navdataThreadOn":1,"videoThreadOn":1,"acquisitionThreadOn":1,"controlWatchdogDelay":0,"adcWatchdogDelay":0,"comWatchdogProblem":0,"emergencyLanding":0},"sequenceNumber":64937,"visionFlag":1,"demo":{"controlState":"CTRL_LANDED","flyState":"FLYING_OK","batteryPercentage":42,"rotation":{"frontBack":-6.166,"pitch":-6.166,"theta":-6.166,"y":-6.166,"leftRight":-3.619,"roll":-3.619,"phi":-3.619,"x":-3.619,"clockwise":119.84,"yaw":119.84,"psi":119.84,"z":119.84},"frontBackDegrees":-6.166,"leftRightDegrees":-3.619,"clockwiseDegrees":119.84,"altitude":0,"altitudeMeters":0,"velocity":{"x":0,"y":0,"z":0},"xVelocity":0,"yVelocity":0,"zVelocity":0,"frameIndex":0,"detection":{"camera":{"rotation":{"m11":0,"m12":0,"m13":0,"m21":0,"m22":0,"m23":0,"m31":0,"m32":0,"m33":0},"translation":{"x":0,"y":0,"z":0},"type":3},"tagIndex":0},"drone":{"camera":{"rotation":{"m11":-0.4947068691253662,"m12":-0.8690585494041443,"m13":-0.001414511352777481,"m21":0.8623945116996765,"m22":-0.49071091413497925,"m23":-0.12441091239452362,"m31":0.10742625594139099,"m32":-0.06276682019233704,"m33":0.9922297596931458},"translation":{"x":0,"y":0,"z":-282}}}},"visionDetect":{"nbDetected":0,"type":[0,0,0,0],"xc":[0,0,0,0],"yc":[0,0,0,0],"width":[0,0,0,0],"height":[0,0,0,0],"dist":[0,0,0,0],"orientationAngle":[0,0,0,0],"rotation":[{"m11":0,"m12":0,"m13":0,"m21":0,"m22":0,"m23":0,"m31":0,"m32":0,"m33":0},{"m11":0,"m12":0,"m13":0,"m21":0,"m22":0,"m23":0,"m31":0,"m32":0,"m33":0},{"m11":0,"m12":0,"m13":0,"m21":0,"m22":0,"m23":0,"m31":0,"m32":0,"m33":0},{"m11":0,"m12":0,"m13":0,"m21":0,"m22":0,"m23":0,"m31":0,"m32":0,"m33":0}],"translation":[{"x":0,"y":0,"z":0},{"x":0,"y":0,"z":0},{"x":0,"y":0,"z":0},{"x":0,"y":0,"z":0}],"cameraSource":[0,0,0,0]},"magneto":{"mx":60,"my":-38,"mz":40,"raw":{"x":130.4765625,"y":-206.71875,"z":-141.5625},"rectified":{"x":1.2748565673828125,"y":-357.44305419921875,"z":-141.5625},"offset":{"x":129.2017059326172,"y":150.7243194580078,"z":0},"heading":{"unwrapped":0,"gyroUnwrapped":0,"fusionUnwrapped":119.84054565429688},"ok":1,"state":513,"radius":-1.6074341925110842e+31,"error":{"mean":-1.5948361170866574e-16,"variance":2603661519749120}},"wifi":{"linkQuality":1}}
{"header":1432778632,"droneState":{"flying":0,"videoEnabled":0,"visionEnabled":0,"controlAlgorithm":0,"altitudeControlAlgorithm":1,"startButtonState":0,"controlCommandAck":1,"cameraReady":1,"travellingEnabled":0,"usbReady":0,"navdataDemo":1,"navdataBootstrap":0,"motorProblem":0,"communicationLost":0,"softwareFault":0,"lowBattery":0,"userEmergencyLanding":0,"timerElapsed":0,"MagnometerNeedsCalibration":0,"anglesOutOfRange":0,"tooMuchWind":0,"ultrasonicSensorDeaf":0,"cutoutDetected":0,"picVersionNumberOk":1,"atCodecThreadOn":1,"navdataThreadOn":1,"videoThreadOn":1,"acquisitionThreadOn":1,"controlWatchdogDelay":0,"adcWatchdogDelay":0,"comWatchdogProblem":0,"emergencyLanding":0},"sequenceNumber":64938,"visionFlag":1,"demo":{"controlState":"CTRL_LANDED","flyState":"FLYING_OK","batteryPercentage":42,"rotation":{"frontBack":-6.167,"pitch":-6.167,"theta":-6.167,"y":-6.167,"leftRight":-3.448,"roll":-3.448,"phi":-3.448,"x":-3.448,"clockwise":119.808,"yaw":119.808,"psi":119.808,"z":119.808},"frontBackDegrees":-6.167,"leftRightDegrees":-3.448,"clockwiseDegrees":119.808,"altitude":0,"altitudeMeters":0,"velocity":{"x":0,"y":0,"z":0},"xVelocity":0,"yVelocity":0,"zVelocity":0,"frameIndex":0,"detection":{"camera":{"rotation":{"m11":0,"m12":0,"m13":0,"m21":0,"m22":0,"m23":0,"m31":0,"m32":0,"m33":0},"translation":{"x":0,"y":0,"z":0},"type":3},"tagIndex":0},"drone":{"camera":{"rotation":{"m11":-0.4942281246185303,"m12":-0.8693316578865051,"m13":0.001109924167394638,"m21":0.8626691699028015,"m22":-0.49059736728668213,"m23":-0.12294846773147583,"m31":0.10742752254009247,"m32":-0.059807077050209045,"m33":0.9924124479293823},"translation":{"x":0,"y":0,"z":-316}}}},"visionDetect":{"nbDetected":0,"type":[0,0,0,0],"xc":[0,0,0,0],"yc":[0,0,0,0],"width":[0,0,0,0],"height":[0,0,0,0],"dist":[0,0,0,0],"orientationAngle":[0,0,0,0],"rotation":[{"m11":0,"m12":0,"m13":0,"m21":0,"m22":0,"m23":0,"m31":0,"m32":0,"m33":0},{"m11":0,"m12":0,"m13":0,"m21":0,"m22":0,"m23":0,"m31":0,"m32":0,"m33":0},{"m11":0,"m12":0,"m13":0,"m21":0,"m22":0,"m23":0,"m31":0,"m32":0,"m33":0},{"m11":0,"m12":0,"m13":0,"m21":0,"m22":0,"m23":0,"m31":0,"m32":0,"m33":0}],"translation":[{"x":0,"y":0,"z":0},{"x":0,"y":0,"z":0},{"x":0,"y":0,"z":0},{"x":0,"y":0,"z":0}],"cameraSource":[0,0,0,0]},"magneto":{"mx":55,"my":-39,"mz":39,"raw":{"x":133.91015625,"y":-189.4921875,"z":-138.0234375},"rectified":{"x":4.7084503173828125,"y":-340.21649169921875,"z":-138.0234375},"offset":{"x":129.2017059326172,"y":150.7243194580078,"z":0},"heading":{"unwrapped":0,"gyroUnwrapped":0,"fusionUnwrapped":119.80874633789062},"ok":1,"state":513,"radius":-1.6074341925110842e+31,"error":{"mean":-1.2830263485434044e-16,"variance":35970625536}},"wifi":{"linkQuality":1}}
{"header":1432778632,"droneState":{"flying":0,"videoEnabled":0,"visionEnabled":0,"controlAlgorithm":0,"altitudeControlAlgorithm":1,"startButtonState":0,"controlCommandAck":1,"cameraReady":1,"travellingEnabled":0,"usbReady":0,"navdataDemo":1,"navdataBootstrap":0,"motorProblem":0,"communicationLost":0,"softwareFault":0,"lowBattery":0,"userEmergencyLanding":0,"timerElapsed":0,"MagnometerNeedsCalibration":0,"anglesOutOfRange":0,"tooMuchWind":0,"ultrasonicSensorDeaf":0,"cutoutDetected":0,"picVersionNumberOk":1,"atCodecThreadOn":1,"navdataThreadOn":1,"videoThreadOn":1,"acquisitionThreadOn":1,"controlWatchdogDelay":0,"adcWatchdogDelay":0,"comWatchdogProblem":0,"emergencyLanding":0},"sequenceNumber":64939,"visionFlag":1,"demo":{"controlState":"CTRL_LANDED","flyState":"FLYING_OK","batteryPercentage":42,"rotation":{"frontBack":-6.103,"pitch":-6.103,"theta":-6.103,"y":-6.103,"leftRight":-3.347,"roll":-3.347,"phi":-3.347,"x":-3.347,"clockwise":119.787,"yaw":119.787,"psi":119.787,"z":119.787},"frontBackDegrees":-6.103,"leftRightDegrees":-3.347,"clockwiseDegrees":119.787,"altitude":0,"altitudeMeters":0,"velocity":{"x":0,"y":0,"z":0},"xVelocity":0,"yVelocity":0,"zVelocity":0,"frameIndex":0,"detection":{"camera":{"rotation":{"m11":0,"m12":0,"m13":0,"m21":0,"m22":0,"m23":0,"m31":0,"m32":0,"m33":0},"translation":{"x":0,"y":0,"z":0},"type":3},"tagIndex":0},"drone":{"camera":{"rotation":{"m11":-0.4939694404602051,"m12":-0.869476854801178,"m13":0.0020584911108016968,"m21":0.8629541993141174,"m22":-0.49055057764053345,"m23":-0.12112056463956833,"m31":0.106321319937706,"m32":-0.05805347114801407,"m33":0.9926356673240662},"translation":{"x":0,"y":0,"z":-283}}}},"visionDetect":{"nbDetected":0,"type":[0,0,0,0],"xc":[0,0,0,0],"yc":[0,0,0,0],"width":[0,0,0,0],"height":[0,0,0,0],"dist":[0,0,0,0],"orientationAngle":[0,0,0,0],"rotation":[{"m11":0,"m12":0,"m13":0,"m21":0,"m22":0,"m23":0,"m31":0,"m32":0,"m33":0},{"m11":0,"m12":0,"m13":0,"m21":0,"m22":0,"m23":0,"m31":0,"m32":0,"m33":0},{"m11":0,"m12":0,"m13":0,"m21":0,"m22":0,"m23":0,"m31":0,"m32":0,"m33":0},{"m11":0,"m12":0,"m13":0,"m21":0,"m22":0,"m23":0,"m31":0,"m32":0,"m33":0}],"translation":[{"x":0,"y":0,"z":0},{"x":0,"y":0,"z":0},{"x":0,"y":0,"z":0},{"x":0,"y":0,"z":0}],"cameraSource":[0,0,0,0]},"magneto":{"mx":65,"my":-43,"mz":37,"raw":{"x":147.64453125,"y":-223.9453125,"z":-130.9453125},"rectified":{"x":18.442825317382812,"y":-374.66961669921875,"z":-130.9453125},"offset":{"x":129.2017059326172,"y":150.7243194580078,"z":0},"heading":{"unwrapped":0,"gyroUnwrapped":0,"fusionUnwrapped":119.78764343261719},"ok":1,"state":513,"radius":-1.6074341925110842e+31,"error":{"mean":-1.431053826405566e-16,"variance":45097431040}},"wifi":{"linkQuality":1}}
{"header":1432778632,"droneState":{"flying":0,"videoEnabled":0,"visionEnabled":0,"controlAlgorithm":0,"altitudeControlAlgorithm":1,"startButtonState":0,"controlCommandAck":1,"cameraReady":1,"travellingEnabled":0,"usbReady":0,"navdataDemo":1,"navdataBootstrap":0,"motorProblem":0,"communicationLost":0,"softwareFault":0,"lowBattery":0,"userEmergencyLanding":0,"timerElapsed":0,"MagnometerNeedsCalibration":0,"anglesOutOfRange":0,"tooMuchWind":0,"ultrasonicSensorDeaf":0,"cutoutDetected":0,"picVersionNumberOk":1,"atCodecThreadOn":1,"navdataThreadOn":1,"videoThreadOn":1,"acquisitionThreadOn":1,"controlWatchdogDelay":0,"adcWatchdogDelay":0,"comWatchdogProblem":0,"emergencyLanding":0},"sequenceNumber":64940,"visionFlag":1,"demo":{"controlState":"CTRL_LANDED","flyState":"FLYING_OK","batteryPercentage":42,"rotation":{"frontBack":-6.181,"pitch":-6.181,"theta":-6.181,"y":-6.181,"leftRight":-3.291,"roll":-3.291,"phi":-3.291,"x":-3.291,"clockwise":120.012,"yaw":120.012,"psi":120.012,"z":120.012},"frontBackDegrees":-6.181,"leftRightDegrees":-3.291,"clockwiseDegrees":120.012,"altitude":0,"altitudeMeters":0,"velocity":{"x":0,"y":0,"z":0},"xVelocity":0,"yVelocity":0,"zVelocity":0,"frameIndex":0,"detection":{"camera":{"rotation":{"m11":0,"m12":0,"m13":0,"m21":0,"m22":0,"m23":0,"m31":0,"m32":0,"m33":0},"translation":{"x":0,"y":0,"z":0},"type":3},"tagIndex":0},"drone":{"camera":{"rotation":{"m11":-0.49727487564086914,"m12":-0.8675836324691772,"m13":0.004055105149745941,"m21":0.8608859777450562,"m22":-0.4940052032470703,"m23":-0.12179642915725708,"m31":0.1076718345284462,"m32":-0.057075317949056625,"m33":0.992546796798706},"translation":{"x":0,"y":0,"z":-277}}}},"visionDetect":{"nbDetected":0,"type":[0,0,0,0],"xc":[0,0,0,0],"yc":[0,0,0,0],"width":[0,0,0,0],"height":[0,0,0,0],"dist":[0,0,0,0],"orientationAngle":[0,0,0,0],"rotation":[{"m11":0,"m12":0,"m13":0,"m21":0,"m22":0,"m23":0,"m31":0,"m32":0,"m33":0},{"m11":0,"m12":0,"m13":0,"m21":0,"m22":0,"m23":0,"m31":0,"m32":0,"m33":0},{"m11":0,"m12":0,"m13":0,"m21":0,"m22":0,"m23":0,"m31":0,"m32":0,"m33":0},{"m11":0,"m12":0,"m13":0,"m21":0,"m22":0,"m23":0,"m31":0,"m32":0,"m33":0}],"translation":[{"x":0,"y":0,"z":0},{"x":0,"y":0,"z":0},{"x":0,"y":0,"z":0},{"x":0,"y":0,"z":0}],"cameraSource":[0,0,0,0]},"magneto":{"mx":56,"my":-44,"mz":38,"raw":{"x":151.078125,"y":-192.9375,"z":-134.484375},"rectified":{"x":21.876419067382812,"y":-343.66180419921875,"z":-134.484375},"offset":{"x":129.2017059326172,"y":150.7243194580078,"z":0},"heading":{"unwrapped":0,"gyroUnwrapped":0,"fusionUnwrapped":120.01217651367188},"ok":1,"state":513,"radius":-1.6074341925110842e+31,"error":{"mean":-7.355677127348197e-17,"variance":1998856.375}},"wifi":{"linkQuality":1}}
{"header":1432778632,"droneState":{"flying":0,"videoEnabled":0,"visionEnabled":0,"controlAlgorithm":0,"altitudeControlAlgorithm":1,"startButtonState":0,"controlCommandAck":1,"cameraReady":1,"travellingEnabled":0,"usbReady":0,"navdataDemo":1,"navdataBootstrap":0,"motorProblem":0,"communicationLost":0,"softwareFault":0,"lowBattery":0,"userEmergencyLanding":0,"timerElapsed":0,"MagnometerNeedsCalibration":0,"anglesOutOfRange":0,"tooMuchWind":0,"ultrasonicSensorDeaf":0,"cutoutDetected":0,"picVersionNumberOk":1,"atCodecThreadOn":1,"navdataThreadOn":1,"videoThreadOn":1,"acquisitionThreadOn":1,"controlWatchdogDelay":0,"adcWatchdogDelay":0,"comWatchdogProblem":0,"emergencyLanding":0},"sequenceNumber":64941,"visionFlag":1,"demo":{"controlState":"CTRL_LANDED","flyState":"FLYING_OK","batteryPercentage":42,"rotation":{"frontBack":-6.455,"pitch":-6.455,"theta":-6.455,"y":-6.455,"leftRight":-3.088,"roll":-3.088,"phi":-3.088,"x":-3.088,"clockwise":120.063,"yaw":120.063,"psi":120.063,"z":120.063},"frontBackDegrees":-6.455,"leftRightDegrees":-3.088,"clockwiseDegrees":120.063,"altitude":0,"altitudeMeters":0,"velocity":{"x":0,"y":0,"z":0},"xVelocity":0,"yVelocity":0,"zVelocity":0,"frameIndex":0,"detection":{"camera":{"rotation":{"m11":0,"m12":0,"m13":0,"m21":0,"m22":0,"m23":0,"m31":0,"m32":0,"m33":0},"translation":{"x":0,"y":0,"z":0},"type":3},"tagIndex":0},"drone":{"camera":{"rotation":{"m11":-0.4977800250053406,"m12":-0.8672499060630798,"m13":0.009621232748031616,"m21":0.8599839806556702,"m22":-0.49498701095581055,"m23":-0.12415891885757446,"m31":0.11243920028209686,"m32":-0.05352972820401192,"m33":0.9922156929969788},"translation":{"x":0,"y":0,"z":-317}}}},"visionDetect":{"nbDetected":0,"type":[0,0,0,0],"xc":[0,0,0,0],"yc":[0,0,0,0],"width":[0,0,0,0],"height":[0,0,0,0],"dist":[0,0,0,0],"orientationAngle":[0,0,0,0],"rotation":[{"m11":0,"m12":0,"m13":0,"m21":0,"m22":0,"m23":0,"m31":0,"m32":0,"m33":0},{"m11":0,"m12":0,"m13":0,"m21":0,"m22":0,"m23":0,"m31":0,"m32":0,"m33":0},{"m11":0,"m12":0,"m13":0,"m21":0,"m22":0,"m23":0,"m31":0,"m32":0,"m33":0},{"m11":0,"m12":0,"m13":0,"m21":0,"m22":0,"m23":0,"m31":0,"m32":0,"m33":0}],"translation":[{"x":0,"y":0,"z":0},{"x":0,"y":0,"z":0},{"x":0,"y":0,"z":0},{"x":0,"y":0,"z":0}],"cameraSource":[0,0,0,0]},"magneto":{"mx":60,"my":-44,"mz":36,"raw":{"x":151.078125,"y":-206.71875,"z":-127.40625},"rectified":{"x":21.876419067382812,"y":-357.44305419921875,"z":-127.40625},"offset":{"x":129.2017059326172,"y":150.7243194580078,"z":0},"heading":{"unwrapped":0,"gyroUnwrapped":0,"fusionUnwrapped":120.06341552734375},"ok":1,"state":513,"radius":-1.6074341925110842e+31,"error":{"mean":-6.8244180628303e-17,"variance":1933320.375}},"wifi":{"linkQuality":1}}
{"header":1432778632,"droneState":{"flying":0,"videoEnabled":0,"visionEnabled":0,"controlAlgorithm":0,"altitudeControlAlgorithm":1,"startButtonState":0,"controlCommandAck":1,"cameraReady":1,"travellingEnabled":0,"usbReady":0,"navdataDemo":1,"navdataBootstrap":0,"motorProblem":0,"communicationLost":0,"softwareFault":0,"lowBattery":0,"userEmergencyLanding":0,"timerElapsed":0,"MagnometerNeedsCalibration":0,"anglesOutOfRange":0,"tooMuchWind":0,"ultrasonicSensorDeaf":0,"cutoutDetected":0,"picVersionNumberOk":1,"atCodecThreadOn":1,"navdataThreadOn":1,"videoThreadOn":1,"acquisitionThreadOn":1,"controlWatchdogDelay":0,"adcWatchdogDelay":0,"comWatchdogProblem":0,"emergencyLanding":0},"sequenceNumber":64942,"visionFlag":1,"demo":{"controlState":"CTRL_LANDED","flyState":"FLYING_OK","batteryPercentage":42,"rotation":{"frontBack":-6.836,"pitch":-6.836,"theta":-6.836,"y":-6.836,"leftRight":-3.024,"roll":-3.024,"phi":-3.024,"x":-3.024,"clockwise":119.657,"yaw":119.657,"psi":119.657,"z":119.657},"frontBackDegrees":-6.836,"leftRightDegrees":-3.024,"clockwiseDegrees":119.657,"altitude":0,"altitudeMeters":0,"velocity":{"x":0,"y":0,"z":0},"xVelocity":0,"yVelocity":0,"zVelocity":0,"frameIndex":0,"detection":{"camera":{"rotation":{"m11":0,"m12":0,"m13":0,"m21":0,"m22":0,"m23":0,"m31":0,"m32":0,"m33":0},"translation":{"x":0,"y":0,"z":0},"type":3},"tagIndex":0},"drone":{"camera":{"rotation":{"m11":-0.49129629135131836,"m12":-0.8708959817886353,"m13":0.012971669435501099,"m21":0.8628203868865967,"m22":-0.4886680245399475,"m23":-0.12940089404582977,"m31":0.1190335601568222,"m32":-0.052381958812475204,"m33":0.9915074706077576},"translation":{"x":0,"y":0,"z":-338}}}},"visionDetect":{"nbDetected":0,"type":[0,0,0,0],"xc":[0,0,0,0],"yc":[0,0,0,0],"width":[0,0,0,0],"height":[0,0,0,0],"dist":[0,0,0,0],"orientationAngle":[0,0,0,0],"rotation":[{"m11":0,"m12":0,"m13":0,"m21":0,"m22":0,"m23":0,"m31":0,"m32":0,"m33":0},{"m11":0,"m12":0,"m13":0,"m21":0,"m22":0,"m23":0,"m31":0,"m32":0,"m33":0},{"m11":0,"m12":0,"m13":0,"m21":0,"m22":0,"m23":0,"m31":0,"m32":0,"m33":0},{"m11":0,"m12":0,"m13":0,"m21":0,"m22":0,"m23":0,"m31":0,"m32":0,"m33":0}],"translation":[{"x":0,"y":0,"z":0},{"x":0,"y":0,"z":0},{"x":0,"y":0,"z":0},{"x":0,"y":0,"z":0}],"cameraSource":[0,0,0,0]},"magneto":{"mx":61,"my":-43,"mz":39,"raw":{"x":147.64453125,"y":-210.1640625,"z":-138.0234375},"rectified":{"x":18.442825317382812,"y":-360.88836669921875,"z":-138.0234375},"offset":{"x":129.2017059326172,"y":150.7243194580078,"z":0},"heading":{"unwrapped":0,"gyroUnwrapped":0,"fusionUnwrapped":119.65760803222656},"ok":1,"state":513,"radius":-1.6074341925110842e+31,"error":{"mean":-8.701781887124731e-17,"variance":4672.03271484375}},"wifi":{"linkQuality":1}}
{"header":1432778632,"droneState":{"flying":0,"videoEnabled":0,"visionEnabled":0,"controlAlgorithm":0,"altitudeControlAlgorithm":1,"startButtonState":0,"controlCommandAck":1,"cameraReady":1,"travellingEnabled":0,"usbReady":0,"navdataDemo":1,"navdataBootstrap":0,"motorProblem":0,"communicationLost":0,"softwareFault":0,"lowBattery":0,"userEmergencyLanding":0,"timerElapsed":0,"MagnometerNeedsCalibration":0,"anglesOutOfRange":0,"tooMuchWind":0,"ultrasonicSensorDeaf":0,"cutoutDetected":0,"picVersionNumberOk":1,"atCodecThreadOn":1,"navdataThreadOn":1,"videoThreadOn":1,"acquisitionThreadOn":1,"controlWatchdogDelay":0,"adcWatchdogDelay":0,"comWatchdogProblem":0,"emergencyLanding":0},"sequenceNumber":64943,"visionFlag":1,"demo":{"controlState":"CTRL_LANDED","flyState":"FLYING_OK","batteryPercentage":42,"rotation":{"frontBack":-6.828,"pitch":-6.828,"theta":-6.828,"y":-6.828,"leftRight":-3.13,"roll":-3.13,"phi":-3.13,"x":-3.13,"clockwise":119.212,"yaw":119.212,"psi":119.212,"z":119.212},"frontBackDegrees":-6.828,"leftRightDegrees":-3.13,"clockwiseDegrees":119.212,"altitude":0,"altitudeMeters":0,"velocity":{"x":0,"y":0,"z":0},"xVelocity":0,"yVelocity":0,"zVelocity":0,"frameIndex":0,"detection":{"camera":{"rotation":{"m11":0,"m12":0,"m13":0,"m21":0,"m22":0,"m23":0,"m31":0,"m32":0,"m33":0},"translation":{"x":0,"y":0,"z":0},"type":3},"tagIndex":0},"drone":{"camera":{"rotation":{"m11":-0.4845864176750183,"m12":-0.8746829032897949,"m13":0.010279633104801178,"m21":0.8666247129440308,"m22":-0.481653094291687,"m23":-0.13027577102184296,"m31":0.11890121549367905,"m32":-0.05422129109501839,"m33":0.9914245009422302},"translation":{"x":0,"y":0,"z":-345}}}},"visionDetect":{"nbDetected":0,"type":[0,0,0,0],"xc":[0,0,0,0],"yc":[0,0,0,0],"width":[0,0,0,0],"height":[0,0,0,0],"dist":[0,0,0,0],"orientationAngle":[0,0,0,0],"rotation":[{"m11":0,"m12":0,"m13":0,"m21":0,"m22":0,"m23":0,"m31":0,"m32":0,"m33":0},{"m11":0,"m12":0,"m13":0,"m21":0,"m22":0,"m23":0,"m31":0,"m32":0,"m33":0},{"m11":0,"m12":0,"m13":0,"m21":0,"m22":0,"m23":0,"m31":0,"m32":0,"m33":0},{"m11":0,"m12":0,"m13":0,"m21":0,"m22":0,"m23":0,"m31":0,"m32":0,"m33":0}],"translation":[{"x":0,"y":0,"z":0},{"x":0,"y":0,"z":0},{"x":0,"y":0,"z":0},{"x":0,"y":0,"z":0}],"cameraSource":[0,0,0,0]},"magneto":{"mx":59,"my":-45,"mz":39,"raw":{"x":154.51171875,"y":-203.2734375,"z":-138.0234375},"rectified":{"x":25.310012817382812,"y":-353.99774169921875,"z":-138.0234375},"offset":{"x":129.2017059326172,"y":150.7243194580078,"z":0},"heading":{"unwrapped":0,"gyroUnwrapped":0,"fusionUnwrapped":119.2125015258789},"ok":1,"state":513,"radius":-1.6074341925110842e+31,"error":{"mean":-6.96621137820067e-17,"variance":8.2500638961792}},"wifi":{"linkQuality":1}}
{"header":1432778632,"droneState":{"flying":0,"videoEnabled":0,"visionEnabled":0,"controlAlgorithm":0,"altitudeControlAlgorithm":1,"startButtonState":0,"controlCommandAck":1,"cameraReady":1,"travellingEnabled":0,"usbReady":0,"navdataDemo":1,"navdataBootstrap":0,"motorProblem":0,"communicationLost":0,"softwareFault":0,"lowBattery":0,"userEmergencyLanding":0,"timerElapsed":0,"MagnometerNeedsCalibration":0,"anglesOutOfRange":0,"tooMuchWind":0,"ultrasonicSensorDeaf":0,"cutoutDetected":0,"picVersionNumberOk":1,"atCodecThreadOn":1,"navdataThreadOn":1,"videoThreadOn":1,"acquisitionThreadOn":1,"controlWatchdogDelay":0,"adcWatchdogDelay":0,"comWatchdogProblem":0,"emergencyLanding":0},"sequenceNumber":64944,"visionFlag":1,"demo":{"controlState":"CTRL_LANDED","flyState":"FLYING_OK","batteryPercentage":42,"rotation":{"frontBack":-6.694,"pitch":-6.694,"theta":-6.694,"y":-6.694,"leftRight":-3.271,"roll":-3.271,"phi":-3.271,"x":-3.271,"clockwise":119.284,"yaw":119.284,"psi":119.284,"z":119.284},"frontBackDegrees":-6.694,"leftRightDegrees":-3.271,"clockwiseDegrees":119.284,"altitude":0,"altitudeMeters":0,"velocity":{"x":0,"y":0,"z":0},"xVelocity":0,"yVelocity":0,"zVelocity":0,"frameIndex":0,"detection":{"camera":{"rotation":{"m11":0,"m12":0,"m13":0,"m21":0,"m22":0,"m23":0,"m31":0,"m32":0,"m33":0},"translation":{"x":0,"y":0,"z":0},"type":3},"tagIndex":0},"drone":{"camera":{"rotation":{"m11":-0.4858108162879944,"m12":-0.8740349411964417,"m13":0.007155235856771469,"m21":0.866254985332489,"m22":-0.4825460910797119,"m23":-0.12942954897880554,"m31":0.11657866835594177,"m32":-0.05667999014258385,"m33":0.9915627837181091},"translation":{"x":0,"y":0,"z":-339}}}},"visionDetect":{"nbDetected":0,"type":[0,0,0,0],"xc":[0,0,0,0],"yc":[0,0,0,0],"width":[0,0,0,0],"height":[0,0,0,0],"dist":[0,0,0,0],"orientationAngle":[0,0,0,0],"rotation":[{"m11":0,"m12":0,"m13":0,"m21":0,"m22":0,"m23":0,"m31":0,"m32":0,"m33":0},{"m11":0,"m12":0,"m13":0,"m21":0,"m22":0,"m23":0,"m31":0,"m32":0,"m33":0},{"m11":0,"m12":0,"m13":0,"m21":0,"m22":0,"m23":0,"m31":0,"m32":0,"m33":0},{"m11":0,"m12":0,"m13":0,"m21":0,"m22":0,"m23":0,"m31":0,"m32":0,"m33":0}],"translation":[{"x":0,"y":0,"z":0},{"x":0,"y":0,"z":0},{"x":0,"y":0,"z":0},{"x":0,"y":0,"z":0}],"cameraSource":[0,0,0,0]},"magneto":{"mx":63,"my":-45,"mz":43,"raw":{"x":154.51171875,"y":-217.0546875,"z":-152.1796875},"rectified":{"x":25.310012817382812,"y":-367.77899169921875,"z":-152.1796875},"offset":{"x":129.2017059326172,"y":150.7243194580078,"z":0},"heading":{"unwrapped":0,"gyroUnwrapped":0,"fusionUnwrapped":119.28455352783203},"ok":1,"state":513,"radius":-1.6074341925110842e+31,"error":{"mean":-4.52614206034928e-17,"variance":5.296926897102594e-9}},"wifi":{"linkQuality":1}}
